tipo_solicitud,tipo_solicitud_1,OBSERVACION USUARIO,len_obs,tipo_sol_int
peticion,requerimiento competencia de otra empresa,rad señores chec barrio maracay alumbrado público interno depende empresa ustedes cobran usuarios siendo apagado situación pone alto riesgo seguridad integridad personas deben transitar internamente dentro solicito servicio mismos horarios,,0
peticion,emision de documento para pago,rad duplicado factura,,0
peticion,emision de documento para pago,rad llego ultima factura cambio medidor pago,,0
peticion,requerimiento competencia de otra empresa,ultima factura llego cobro alumbrado publico existe ningún carretera lleva finca pido favor revisen error gracias,,0
peticion,dano en equipo electrico,dia diciembre corte energia quemo televisor marca samsung pulgadas modelo serie taller reparacion dicen fuente cuesta cuales solicito asumidos ustedes adjunto documento identidad factura orden servicio,,0
peticion,dano en equipo electrico,buenas tardes debido bajones ida luz presento dia diciembre daño cuarto frio restaurante tal motivo dirijimos ustedes fin solicitar visita pertinente hacer arreglos necesarios agradecemos atencion prestada oportuna dicho problemas desempeño restaurant,,0
peticion,gestionar financiacion,pregunta algún problema canceló servicio día,,0
peticion,emision de documento para pago,rad duplicado factura,,0
peticion,devolucion y/o copia de documentos,necesito favor devuelto dinero correspondiente factura toda vez día febrero realizó pago adicional hoy volvió realizar nuevamente,,0
peticion,"trabajos tecnicos en med, trafos, acometidas o en infraestr.",medidor vecino encuentra ubicado predio equivocado,,0
peticion,dano en equipo electrico,rad daños transformador alimenta energía afectado varios aparatos máquina helados lámparas horno presentan costantemente día bajones revisaron corregido problema espero colaboren evitar gracias respuesta pronta,,0
peticion,cambio datos basicos,solicito ordene correspoda siga llegando factuta cra apartamento edificio laureles rio,,0
peticion,emision de documento para pago,solicito copia saldo anterior factura luz,,0
peticion,dano en equipo electrico,rad martes enero raiz bajones energía sufrí daño xbox,,0
peticion,dano en equipo electrico,autoriza realizar recomendaciones propuestas revision solicitud normalizacion servicio,,0
peticion,informacion general,deseó conocer pagando través factura algún seguro vida ser positiva respuesta solicito detallado amparos valores asegurados muchas gracias,,0
peticion,exencion contribucion,solicitud exención contribución energía gas industriales decreto,,0
peticion,exencion contribucion,solicitud exención contribución energía gas industriales decreto,,0
peticion,gestionar financiacion,poder pagar dia hoy suspenda servircio,,0
peticion,exencion contribucion,solicitud exención contribución energía gas industriales decreto,,0
peticion,"trabajos tecnicos en med, trafos, acometidas o en infraestr.",buenas tardes presente fin solicitar ubicación poste secundario encuentra ubicado vereda agua azul ubicacion rural consecutivo motivo construcción vivienda,,0
peticion,condicion especial por solicitud del propietario,requiero bloquear numero cuenta permitir hacer créditos través diferentes convenios ustedes debido recibí llamada supuesta mente claro verifique directamente funcionarias allá envié factura temo puedan utilizar sacar mercancía nombre mio gracias atención prestada,,0
peticion,"trabajos tecnicos en med, trafos, acometidas o en infraestr.",solicitud cambio transformador particular chec,,0
peticion,"trabajos tecnicos en med, trafos, acometidas o en infraestr.",requiere movimiento red templetes obstaculizan realizar construcción,,0
peticion,"trabajos tecnicos en med, trafos, acometidas o en infraestr.",favor mover cables electricos pasan arriba techo estan bajos van hacer adecuaciones predio ademas contador vecino tambien mal posicionado agradezco amable gestion,,0
peticion,"trabajos tecnicos en med, trafos, acometidas o en infraestr.",pasa dado solucion procedimiento mover redes pasan encima techo perjudicado necesito hacer reparaciones adecuaciones entra agua lluvias,,0
peticion,"trabajos tecnicos en med, trafos, acometidas o en infraestr.",relación respuesta emitida ustedes numero febrero año curso cuenta realizaron respectivas coordinaciones personal zonal quinchia técnico ingeniero asistente veo mejor opción cambio total acometida asumiendo metraje adicional supera metros acuerdo,,0
peticion,requerimiento competencia de otra empresa,apareciendo factura seguro sura servicio solitado,,0
peticion,cambio datos basicos,cambio suscriptor gracias,,0
peticion,emision de documento para pago,buenos dias solicito copia factura anterior decir saldo vencido gracias,,0
peticion,dano en equipo electrico,daño televisores dia marzo bajon servicio energia,,0
peticion,devolucion o traslado de saldo a favor,buenas tardes señores chec presente solicitar devolución dinero cancelado periodo facturado dic ene susuerte veces diferentes fechas adjunto recibos pago,,0
peticion,"trabajos tecnicos en med, trafos, acometidas o en infraestr.",poste red electrica ubicado vía amenzaza caerse dicha mal deterioro tiempo,,0
peticion,cambio datos basicos,tres medidores finca giralda cambio dueño quisiera siguieran llagando facturas nombre juan sebastian ocampo nuevo propietario muchas gracias,,0
peticion,"trabajos tecnicos en med, trafos, acometidas o en infraestr.",solicitud colocar pararrayos transformador finca,,0
peticion,"trabajos tecnicos en med, trafos, acometidas o en infraestr.",hace varios dias comunicado chec cuerdas ssueltas caen ventana plena avenida santander ademas enseguida casa colocaron armario contadores efificio contiguo cas pegados pared propiedad obligacion dejar edicio dilatacion espacio edificio constructora shalom cra guardaron distanc,,0
peticion,exencion contribucion,continuidad exención contribución,,0
peticion,"trabajos tecnicos en med, trafos, acometidas o en infraestr.",presupuestar cambio toda subestacion cuenta transformador kva actualidad realiza medicion baja puede continuar asi instalar celda alta recomendaciones gracias,,0
peticion,requerimiento competencia de otra empresa,diciembre suscribió contrato seguro vida nombre nixon rivas caro dicho sura debería ser pagado factura energia momento liquidado llegado facturas enero febrero alguno concepto seguros quisiera saber existe algun err,,0
peticion,"trabajos tecnicos en med, trafos, acometidas o en infraestr.",requiere cotización reubicar red media tensión,,0
peticion,"trabajos tecnicos en med, trafos, acometidas o en infraestr.",buena noche solicitar revise poste medidor puesto pues tapa maleza puede presentar fraude muchas gracias atencion,,0
peticion,requerimiento competencia de otra empresa,compre casa deseo cambiar titular factura quitar seguro aparece rsa seguros cambio suscriptor realizo peticion,,0
peticion,informacion general,apartamento ubicado dirección calle conjunto mirador colina torre barrio palermo disminución considerable consumo energía debido mayor parte tiempo desocupado anterior información brindo cobre efectivamente consumido mes promedio ustedes acostumbran aplicar,,0
peticion,cambio datos basicos,cambio suscriptor relación requerimiento radicado recibí respuesta según informan dirección confirman solicitud inicial agradezco gracias,,0
peticion,cambio datos basicos,cambio suscriptor adjunta copia recibo impuesto predial año,,0
peticion,cambio datos basicos,cambio suscriptor razon social,,0
peticion,emision de documento para pago,casa depositaron factura preguntado vecinos aparece pueden enviar medio favor hacer pago,,0
peticion,dano en equipo electrico,solicite chec dorada caldas servicio energía vivienda nueva financie cuota dicha instalación abarcaba contador acometida hecho presentó dentro daño equipo soldadura utilizado realizar arreglo casa aún siendo habitada pues,,0
peticion,"trabajos tecnicos en med, trafos, acometidas o en infraestr.",encuentra respuesta dan entidad veo evaluado gravedad mal funcionamiento redes vereda nueva primavera debido siempre mas mitad barrio queda enesgia solo dos transformadores muchas manzanas pegadas transformador mandaba,,0
peticion,terminacion del contrato,rad cuenta casa ubicada carrera barrio renán barco encuentra desocupada debido papás personas edad avanzada llevamos centro geriátrico mes diciembre anterior permito solicitar suspensión servicio energía nombre papá miguel morales parr,,0
peticion,cambio datos basicos,días anteriores envió solicitud cambio suscriptor factura chec nombre propietario actual respuesta solicitaron certificado planeación municipio neira relacionara dirección tradición servicios ende continuar tramite informo document,,0
peticion,"trabajos tecnicos en med, trafos, acometidas o en infraestr.",favor revisar direccion tubo contiene cables luz incrustado predio corresponde realmente enseguida identificado dirección nro perjudicando pasando agua pared interna casa produciendo humedades mandado organizar pintar varias veces vuelve aparec,,0
peticion,exencion contribucion,solicitud continuidad exención contribución,,0
peticion,terminacion del contrato,deseo cancelar definitivamente servicio debido predio vendido,,0
peticion,terminacion del contrato,suscriptor factura deseo terminar contrato servicio definitivamente,,0
peticion,terminacion del contrato,quiero cancelar definitivamente servicio debido vivo,,0
peticion,emision de documento para pago,copia factura mes febrero enero pagar,,0
peticion,gestionar financiacion,deseo financiar deuda,,0
peticion,"trabajos tecnicos en med, trafos, acometidas o en infraestr.",solicito retiro sellos caja hermética medidor isk fin unificar servicios llego correo confirmacion pagina,,0
peticion,gestionar financiacion,solicito copia factura cancelar solo mes gracias,,0
peticion,"trabajos tecnicos en med, trafos, acometidas o en infraestr.",solicitamos colaboración favor reubicado transformador encuentra ubicado cll parte encima propiedad genera preocupación tan cerca ventanas adjunto fotos,,0
peticion,"trabajos tecnicos en med, trafos, acometidas o en infraestr.",solicitud exención contribución energía industriales decreto,,0
peticion,exencion contribucion,solicitud exención contribución energía industriales decreto,,0
peticion,exencion contribucion,continuidad solicitud exención beneficio contribución,,0
peticion,requerimiento competencia de otra empresa,llegó correo confirmacion solicito manera prioritaria medidor cuenta relacionada aplique tarifas generales establecidas comercio según artículo décimo acuerdo consejo municipal quinchía,,0
peticion,devolucion o traslado de saldo a favor,realizó pago doble cuenta requiero devolución dinero,,0
peticion,cambio datos basicos,buenas tardes solicito cambio nombre suscriptor actual propietario inmueble banco davivienda empero manuela agudelo aguirre locataria mismo virtud contrato leasing habitacional celebrado mencionada entidad bancaria,,0
peticion,emision de documento para pago,necesito favor nueva factura anterior deterioro,,0
peticion,dano en equipo electrico,tener caida voltaje quemo motores maquina helado compresor jugo,,0
peticion,informacion general,hace pocos días realice pago factura inquilina cancelo marzo entonces comprendo ahora quiere pagar excedente justifica anterior solicito manera cordial haga llegar relación pagos facturas muchas grcias quedo atenta,,0
peticion,dano en equipo electrico,descarga electrica daño equipo electrico,,0
peticion,cambio datos basicos,manera respetuosa solicito cambio nombre cliente factura relacionada cuenta puesta razón adquisición inmueble modalidad compraventa,,0
peticion,terminacion del contrato,terminación contrato orden suscriptor debe hacerse efectivo marzo,,0
peticion,informacion general,solicito atentamente enviar documento oficial vía correo electrónico parte ustedes confirme falla servicio energía contrato mencionará continuación corroborando efectivamente generó afectación fin presentarle mintic cliente final,,0
peticion,"trabajos tecnicos en med, trafos, acometidas o en infraestr.",solicita reubicar acometidas predios vecinos pasan fachada costo favor realizar cotización,,0
peticion,cambio datos basicos,rad requiere actualizar nombre usuario factura compra inmueble cuenta numero propietario anterior jose aisnel arcila lopez nuevo yeison andres rivas ospina milena palacio,,0
peticion,exencion contribucion,solicitud continuidad exención contribución,,0
peticion,"trabajos tecnicos en med, trafos, acometidas o en infraestr.",favor retirar poste concreto red secundaria energia daño alero casa ubicado entrada misma dificulta acceso vivienda anexa fotos instalado actualmente,,0
peticion,"trabajos tecnicos en med, trafos, acometidas o en infraestr.",favor retirar poste concreto red secundaria energia daño alero casa ubicado entrada misma dificulta acceso vivienda garage anexa fotos instalado actualmente,,0
peticion,requerimiento competencia de otra empresa,presente solicitar instalación lámpara poste concreto ubicado acera residencia ubicada calle barrio pista palestina caldas sector encuentra oscuras siendo propicio hurtos consumo alucinógenos antemano gracias,,0
peticion,cambio datos basicos,llegó correo confirmacion cambio propietarios,,0
peticion,terminacion del contrato,solicita retiro medidor debido unificacion cuenta ubicados mismo local centro comercial parque caldas nivel propiedad,,0
peticion,emision de documento para pago,manera respetuosa dirijo ustedes fin hacer solicitud facturas últimos meses instituto oftalmológico caldas ubicado calle poder realizar estudios frente consumos ruego favor dichas copias enviadas correo electronico,,0
peticion,devolucion o traslado de saldo a favor,buenos días pagué factura mes abril nuevamente pagó descuento equivocado nómina mayo solicito abono dinero próxima cuenta,,0
peticion,"trabajos tecnicos en med, trafos, acometidas o en infraestr.",poste luz ubicado inadecuadamente antejardín casa causando perjuicios tarjar piso pared mismo funcionarios hacen mantenimiento redes balancea hacia preocupa pues menos metro,,0
peticion,"trabajos tecnicos en med, trafos, acometidas o en infraestr.",buenos días según respuesta dada queja interpuesta archivo adjunto necesito colaboración programar suspensión servicio día mayo cuenta propuesta comunicado quedo pendiente confirmación,,0
peticion,"trabajos tecnicos en med, trafos, acometidas o en infraestr.",amablemente solicitamos revision camara energia ubicada calle contar tapa presentado desagues filtraciones locales alli ubicados,,0
peticion,cambio datos basicos,solicito actualicen nombre subscriptor factura juan pablo nieto elsy nohemy garcia giraldo actual propietaria,,0
peticion,"trabajos tecnicos en med, trafos, acometidas o en infraestr.",solicito favor reubicación poste luz eléctrica encuentra dentro propiedad obstruyendo perjudicando remodelación vivienda anterior forma urgente muchas gracias buenas gestiones respecto,,0
peticion,poda de arboles,esquina carrera calle barrio ciudad jardín villamaría árbol aguacatillo ladeado apoyado líneas servicios avanzado inclinación temo caída comprometa estabilidad redes integridad casa familia cómo procedo,,0
peticion,"trabajos tecnicos en med, trafos, acometidas o en infraestr.",requiere cotizacion reubicación red primaria construyeron casa bajo,,0
peticion,cambio datos basicos,amablemente solicito cambio nombre factura,,0
peticion,cambio datos basicos,llegó correo confirmacion cambio suscriptor,,0
peticion,terminacion del contrato,observaciones pasado febrero enviamos correo electrónico solicitud dos servicios energía ustedes agradezco colaboración terminación dichos contratos adjunto envío carta formal,,0
peticion,exencion contribucion,solicito exoneración contribución cuentas,,0
peticion,exencion contribucion,solicitud continuidad beneficio contribución,,0
peticion,exencion contribucion,negada solicitud radicación exoneración contribución cuenta factura registraba dirección errada correspondía rut hizo cambio inmueble chec medio pqr,,0
peticion,"trabajos tecnicos en med, trafos, acometidas o en infraestr.",requiero financien maximo cuotas red mas instalacion energia segun pedido cambio sistema adjuntaron documentos tecnico electricista realizó modificaciones,,0
peticion,terminacion del contrato,terminacion contrato favor cancelar cuenta relacionada,,0
peticion,terminacion del contrato,terminación contrato orden suscriptor favor cancelar cuenta relacionada,,0
peticion,"trabajos tecnicos en med, trafos, acometidas o en infraestr.",hace dias guadual cayo redes empresa dejo energia varios arreglo realizo parte amenaza caer nuevamente linea dejarnos luz agradezco amable coaboracion deseo excelente dia,,0
peticion,gestionar financiacion,buenas tardes llegado factura doble podido ponerme día requiero poder cancelar suma suspendan servicio energía tirilla dice suspenden viernes den plazo martes junio,,0
peticion,terminacion del contrato,solicito manera cordial retiro definitivo cuenta favor llamar numero número casa encuentra desocupada adjunto certificado tradición puede verificar propietaria inmueble,,0
peticion,cambio datos basicos,cambiar razón social ocb odontologia estetica ortodoncia sas integral según camara comercio adjunta,,0
peticion,cambio datos basicos,cambio nombre cliente factura,,0
peticion,cambio datos basicos,favor colabora cambiando nombre suscriptor ricardo martinez maria obeida gomez cardona,,0
peticion,"trabajos tecnicos en med, trafos, acometidas o en infraestr.",respetuosamente solicito suspendan corran poste electricidad número contrato ubicado predio impide libre circulación personas podría ser riesgoso ocasionar tragedia habitantes encontrarse tan cerca vivienda,,0
peticion,"trabajos tecnicos en med, trafos, acometidas o en infraestr.",actualmente proceso ampliación bodega beneficiadero ínsula observando cable lleva energia colegio cerca pasa predio necesita continuar construcción presente solicitar visita personal técnico chec fin poder analizar ruta reubicar,,0
peticion,informacion general,buenas tardes solicito certificación conste ustedes prestan servicio energía predio relacionado anteriormente,,0
peticion,gestionar financiacion,solicito pagar factura mes pasado quedaría pendiente aca dorada dijeron plazo contrario sera suspendido servicio desempleado adeudo tres facturas indica art ley espero puedan colaborar,,0
peticion,exencion contribucion,envió rut guido jaramillo muñoz dar continuidad beneficio tributario exención contribución cuentas,,0
peticion,exencion contribucion,s tan amable solictar exención contribucion,,0
peticion,exencion contribucion,buenos días finca porcicola derecho exoneración gracias,,0
peticion,"trabajos tecnicos en med, trafos, acometidas o en infraestr.",presenta daño instalación externa predio cada llueve ventea ocasiona interrupción prestación servicio energía encuentra ubicado vereda delicias finca porvenir persona habita inmueble llama hernan marín,,0
peticion,"trabajos tecnicos en med, trafos, acometidas o en infraestr.",buenos días reportar daño transformador vereda encimadas aguadas caldas energía día ayer agradezco pronta solucion feliz,,0
peticion,requerimiento competencia de otra empresa,señores chec superintendencia servicios publicos alcaldia municipal guatica posible pague alumbrado publico barrio gamunrra lleva año lampara servicio primera comienzo ultima calle saliendo ospirma,,0
peticion,informacion general,solicito paz salvo conste día obligaciones encuentran nombre,,0
peticion,cambio datos basicos,buenos dias solicitar cambio nombre cliente facturacion chec muchas gracias,,0
peticion,terminacion del contrato,concesión pacifico tres adquirió predio correspondiente requiere terminar contrato suministro energía cuenta sera demolido,,0
peticion,informacion general,solicito colaboración trámites independizar servicio energía,,0
peticion,cambio datos basicos,solicita cambio suscriptor,,0
peticion,emision de documento para pago,revision completa buenas tardes respetuosamente solicito favor ajustada factura periodo cobro anterior razón apenas ayer notificado mediante radicado debía pagar saldo encontraba reclamación,,0
peticion,gestionar financiacion,hola buenas tardes quisiera saber factura suspendido servicio gustaria posible hacer abono gracias,,0
peticion,cambio datos basicos,favor cambiar suscriptor,,0
peticion,"trabajos tecnicos en med, trafos, acometidas o en infraestr.",solicito amablemente reubicación poste dirección cra eucaliptus encuentra dentro predio además presenta riesgo ventaras superiores junto dicho gracias,,0
peticion,poda de arboles,casa palmera tocando redes energía solicito evaluar grado peligro debo proceder tumbar vecinos inquietos potencial comunidad,,0
peticion,"trabajos tecnicos en med, trafos, acometidas o en infraestr.",hace dias edificio sufrió apagon aver habia pasado pues encontramos varios sellos violentados creemos alguien intentaba tal vez robar energia hago queja multa verdad ningun propietario ver asi solicito favor hacer revisión pertinente ademas volver poner muchas gra,,0
peticion,poda de arboles,presenta riesgo eléctrico acercamiento arboles circuito ramas encima faces hace viento genera contacto descargas energía,,0
peticion,exencion contribucion,solicitud continuidad exención contribución factura energía,,0
peticion,cambio datos basicos,solicité cambio suscriptor realizó primer apellido quedó mal digitado aparece ocampo ampos agradezco gestión subsanar inconveniente,,0
peticion,cambio datos basicos,vivienda ubicada cra servicio energía cuya cuenta titular aparece señor julian hernandez velez propietario abril año celebré citado promesa venta bien realizó julio mediante notaría manizales,,0
peticion,dano en equipo electrico,presentaron reportaron altas descargas energía eléctrica revisaron transformador área llevaron perdida dos televisores grabadora bombillos estabilizador electrodomésticos mencionados quemaran esperamos busquen estrategias reponer,,0
peticion,cambio datos basicos,buenas tardes solicito favor cambiar datos suscriptor factura energia realizo cambio razon social nombre actual sociedad hierros cafe ltda debe ferreaceros nit dirreccion cra pradera villamaria telefono,,0
peticion,"trabajos tecnicos en med, trafos, acometidas o en infraestr.",solicita red cuádruplex poste nodo conexión edificio torres cardenas uso transformador chec,,0
peticion,"trabajos tecnicos en med, trafos, acometidas o en infraestr.",solicitud cambio trasformador kva carga aprobada ustedes esperando pronta respuesta encontramos etapa final montaje empresa gracias,,0
peticion,exencion contribucion,señores chec reciban adjuntamos rut industrias victoria fin continuar beneficio contribución decreto agradecemos atención quedamos atentos repuesta,,0
peticion,exencion contribucion,requerimiento solicita dar aplicación beneficio exoneración contribución,,0
peticion,exencion contribucion,solicitud continuidad exención contribución cuentas chec anexa listado,,0
peticion,dano en equipo electrico,solicito revisión transformador quemando electrodomésticos según nro confirman medidor bueno problema transformadorpor error ingreso agosto,,0
peticion,exencion contribucion,solicitud continuidad exención contribución cuentas chec anexa listado,,0
peticion,"trabajos tecnicos en med, trafos, acometidas o en infraestr.",solicitar cables poste barrio concordia cayeron pie casa nadie ido verificar favor urgente ods,,0
peticion,informacion general,bancos indican reportado centrales riesgos afectando finanzas incluida chec aunado anterior solicito explique aun dichas día pagos,,0
peticion,exencion contribucion,solicitud continuidad exención contribución cuentas chec anexa listado,,0
peticion,exencion contribucion,ref trámite exención impuesto contribución factura energía eléctrica identificada número cuenta acuerdo resolución emitida empresa día mayo bajo radicado instalación,,0
peticion,"trabajos tecnicos en med, trafos, acometidas o en infraestr.",respetuosamente permito informar entrada barrio asovice municipio apía risaralda encuentran unas cuerdas atraviesan calle baja altura impidiendo adecuado tránsito vehicular representa riesgo seguridad personal encargado recolección residuos sólidos residentes tales viviendas amablemente solicita reubicación,,0
peticion,exencion contribucion,solicitud continuidad exención contribución cuentas chec anexa listado,,0
peticion,"trabajos tecnicos en med, trafos, acometidas o en infraestr.",señor lleva días luz solucionado llamando linea ods,,0
peticion,emision de documento para pago,requiere factura física pago máxima contabilización agosto,,0
peticion,terminacion del contrato,dando respuesta requerimiento radicado adjuntamos pago realizado proceder correspondiente,,0
peticion,terminacion del contrato,anexa soporte pago pendiente proceder retiro medidor,,0
peticion,exencion contribucion,exoneración contribución energía industriales decreto,,0
peticion,cambio datos basicos,favor cambiar razón social acuerdo cámara comercio adjunta ocb odontologia integral sas continúa nit igual,,0
peticion,exencion contribucion,exoneración contribución energía industriales decreto,,0
peticion,"trabajos tecnicos en med, trafos, acometidas o en infraestr.",peticionario solicita verificar reubicacion templete sostiene poste presentando riesgo personas transitan lugar instalaron nuevo queda sufieicnte espacio transitar ubicacion cra cll esquina,,0
peticion,informacion general,hace siete años vendí apartamento manizales dirección cll torres belen apto solicito claridad cuenta energía nombre gustaría medio cuentas servicios públicos gestionara algún crédito similar informo puedo oficinas pues vivo villavicencio,,0
peticion,exencion contribucion,exoneración contribución energía industriales decreto,,0
peticion,cambio datos basicos,usuario solicita factura siga llegando correo electrónico,,0
peticion,dano en equipo electrico,usuario solicita reconocimiento daño equipo eléctrico ocurrido dia julio enla vereda bosque sector corregimiento florencia samana caldas,,0
peticion,exencion contribucion,exoneración contribución energía industriales decreto,,0
peticion,exencion contribucion,solicitud continuidad exención contribución cuentas chec anexa listado,,0
peticion,exencion contribucion,buenos días señores chec adjuntamos documentación requerida continuidad exención contribución agradecemos atención,,0
peticion,cambio datos basicos,solicitud cambio suscriptor adjunto copia cédula certificado tradición factura,,0
peticion,desenergizacion de infraestructura,fin realizar labores mantenimiento subestaciones estaciones fundadores betania villamaria cambulos componen sistema transporte cable aereo atentamente solicitamos colaboración apertura cierre circuitos correspondientes secciones energia,,0
peticion,exencion contribucion,solicitud continuidad exención contribución cuentas chec anexa listado,,0
peticion,exencion contribucion,solicitud continuidad exención contribución cuentas chec anexa listado,,0
peticion,exencion contribucion,solicitud continuidad exención contribución cuentas chec anexa listado,,0
peticion,exencion contribucion,solicitud continuidad exención contribución cuentas chec anexa listado,,0
peticion,exencion contribucion,solicitud continuidad exención contribución cuentas chec anexa listado,,0
peticion,exencion contribucion,solicitud continuidad exención contribución cuentas chec anexa listado,,0
peticion,exencion contribucion,solicitud continuidad exención contribución cuentas chec anexa listado,,0
peticion,exencion contribucion,solicitud continuidad exención contribución cuentas chec anexa listado,,0
peticion,exencion contribucion,solicitud continuidad exención contribución cuentas chec anexa listado,,0
peticion,exencion contribucion,solicitud continuidad exención contribución cuentas chec anexa listado,,0
peticion,exencion contribucion,solicitud continuidad exención contribución cuentas chec anexa listado,,0
peticion,exencion contribucion,solicitud exoneración contribución cuenta,,0
peticion,dano en equipo electrico,día domingo horas noche carrera abu dhabi palermo apartamento procedió encender televisor challenger led después intentarlo repetidas ocasiones dicho acción éxito alguno anterior cuenta ningún momento encendió situación mencionada anteriormente tomando consideración electrodoméstico cumplió mes junio presente año garantía determinó llevar mismo centro autorizado ubicado calle ciudad manizales allí efectuó respectiva revisión emitió certificación estableció causa principal encendiera correspondía fluctuación voltaje descarga eléctrica solicito cabo revisiones necesarias determinar posible responsabilidad,,0
peticion,"trabajos tecnicos en med, trafos, acometidas o en infraestr.",peticionaria solicita movimiento cableado invade predio notoriamente perjudicada,,0
peticion,exencion contribucion,requerimiento solicita dar aplicación beneficio exoneración contribución,,0
peticion,cambio datos basicos,solicitud cambio suscriptor adjunto carta copia escritura cédula gracias,,0
peticion,"trabajos tecnicos en med, trafos, acometidas o en infraestr.",usuario solicita revisado transformador colabore reestablecimiento servicio traslado trafo administrado empresa queda fácil asumir costo reparación ver cuenta proceso ambas cuentas chinchina tele contacto,,0
peticion,gestionar financiacion,usuario solicita manera conjunta conciliada indique posibilidad financiado deuda cuenta bien anteriores inquilinos cargada estan habitando ahora existe acuerdo pago consiste tele,,0
peticion,dano en equipo electrico,dia septiembre siendo aprox enpezando llovisnar pronto cayo rayo causo apagon luego vuelve energia doy cuenta televisor dos decodificadores suscribcion habian quemado solicitud favor reparado cambiado,,0
peticion,cambio datos basicos,calidad propietaria solicito actualizar nombre suscriptor factura anexo certificado tradicion fotocopias cedula ultima gracias,,0
peticion,"trabajos tecnicos en med, trafos, acometidas o en infraestr.",poste agrietado todas partes mueve pie puerta peligro caiga niños menores casa tel,,0
peticion,cambio datos basicos,solicita facturas números cuenta enviadas partir correo mjvl hotmail com,,0
peticion,modificacion de infraestructura por incumplimiento,buenos días pongo contacto ustedes hacerles saber acuerdo respuesta obtenida radicado voy llevar caso superintendencia servicios públicos lesioné templete torres torre minería ilegal rad anterio,,0
peticion,modificacion de infraestructura por incumplimiento,director obra contrato departamento pavimentación vía laguna corregimiento san diego municipio samaná necesito cotización valoración trabajo mover torres metálicas encuentran dentro corredor desea intervenir,,0
peticion,emision de documento para pago,buenas tardes solicito comedidamente colaboren impresión facturas consumo junio julio agosto septiembre diciembre,,0
peticion,poda de arboles,tele solicito valorizados económicamente arboles predio contacto redes chec paso faces perjudica crecimiento plantación representa alto riesgo comunidad,,0
peticion,separacion temporal o pago dirigido,buenas tardes pagar mes anterior pago dirigido parcial,,0
peticion,dano en equipo electrico,dia agosto suspendio energia barrio sultana manizales dicha suspencion advertida ningun medio comunicacion empresa regula manual consumidor ley empresas prestadoras servicio vecinos cuandra llamamos linea atencion repsuesta tenian conocimiento dicho daño,,0
peticion,exencion contribucion,exoneración contribución energía industriales decreto,,0
peticion,informacion general,dia agosto notifico predio análisis debo efectuar transformador según norma citada primera medida solicito informen aparece nombre efectuarle dicho momento hice propietario mismo,,0
peticion,cambio datos basicos,usuario solicita factura siga llegando físico predio cra,,0
peticion,cambio datos basicos,propietario inmueble comedida respetuosamente solicito actualizar titular cuenta servicio público muchas gracias,,0
peticion,"trabajos tecnicos en med, trafos, acometidas o en infraestr.",inmueble demanda posible fraude solicita visita septiembre personal idóneo hacer revisión acometidas ambas viviendas inspección momento cancelación factura tampoco podrá suspensión personas mayores años vulneraria derecho servicio,,0
peticion,exencion contribucion,adjunto envío rut actualizado conservar beneficio contribución,,0
peticion,exencion contribucion,solicito continuidad beneficio exención contribución factura energía,,0
peticion,exencion contribucion,solicito continuidad beneficio exención contribución factura energía,,0
peticion,exencion contribucion,exoneración contribución energía industriales decreto clave,,0
peticion,terminacion del contrato,solicitamos cancelación inmediata servicios públicos diferentes contratos nombre consorcio mota engil identificado nit,,0
peticion,"trabajos tecnicos en med, trafos, acometidas o en infraestr.",cambio protecciones cometida estación fuente cable aereo incluye transporte materiales mano obra cotizado favor facturar cargo factura inmueble varias cuotas,,0
peticion,requerimiento competencia de otra empresa,cliente manifiesta inquilino tomo seguro cambio vivienda pido traslado hace varios meses atras extrañamente mes pasado heciendo nuevamente cobro factura servicio autorizo solicita retiro,,0
peticion,cambio datos basicos,solicita cambio suscriptor adjunta solicitud certificado tradición nuevo nombre factura debe ser juan pablo alvarez giraldo,,0
peticion,poda de arboles,cableado postes energia setos vivos vereda trinidad frente san bernardo viento,,0
peticion,"trabajos tecnicos en med, trafos, acometidas o en infraestr.",recibimos visita técnicos indicaron debíamos hacer adecuaciones manera particular enviarían reporte chec informaría debemos hoy casi mes después sabemos adjunto documento entregado,,0
peticion,exencion contribucion,exoneración contribución energía industriales decreto,,0
peticion,dano en equipo electrico,hoy corte energía luz varias veces sonó daño transformador duro televisor considero culpa hechos solicito pago electrodoméstico requiere algún documento trámite adicional pendiente requerimiento proceder requerido,,0
peticion,pago parcial,puede cancelar factura vencida necesito copia hacer pago evitar próximo mes llegue doble,,0
peticion,informacion general,pueden informar debo hacer factura siga llegando nombre loma linda dueña apartamento mil gracias,,0
peticion,informacion general,requiero favor expidan certificado actual cuenta señora fiador vez esposo labora escuela superior caldas pagado facturas ingreso apto asi proceder rescisión contrato hacer cumplir pago,,0
peticion,"trabajos tecnicos en med, trafos, acometidas o en infraestr.",tele contacto llamar favor trasladar contador instalación portada poder hacer lectura fácil queda cerca existe poste,,0
peticion,terminacion del contrato,cliente solicita retiro definitivo instalación,,0
peticion,terminacion del contrato,cliente solicita retiro definitivo instalación,,0
peticion,terminacion del contrato,cliente solicita retiro definitivo instalación,,0
peticion,terminacion del contrato,cliente solicita retiro definitivo instalación,,0
peticion,terminacion del contrato,cliente solicita retiro definitivo instalación,,0
peticion,terminacion del contrato,cliente solicita retiro definitivo instalación,,0
peticion,terminacion del contrato,cliente solicita retiro definitivo instalación,,0
peticion,terminacion del contrato,cliente solicita retiro definitivo instalación,,0
peticion,terminacion del contrato,cliente solicita retiro definitivo instalación,,0
peticion,terminacion del contrato,cliente solicita retiro definitivo instalación,,0
peticion,terminacion del contrato,cliente solicita retiro definitivo instalación,,0
peticion,terminacion del contrato,cliente solicita retiro definitivo instalación,,0
peticion,terminacion del contrato,cliente solicita retiro definitivo instalación,,0
peticion,cambio datos basicos,solicito favor envíen factura física casa hacía internet llega gana despues toca pagar mora exijo envien,,0
peticion,terminacion del contrato,solicitamos cancelación inmediata servicios públicos diferentes contratos nombre consorcio mota engil identificado nit,,0
peticion,terminacion del contrato,solicitamos cancelación inmediata servicios públicos diferentes contratos nombre consorcio mota engil identificado nit,,0
peticion,terminacion del contrato,solicitamos cancelación inmediata servicios públicos diferentes contratos nombre consorcio mota engil identificado nit,,0
peticion,terminacion del contrato,cliente solicita retiro definitivo instalación,,0
peticion,terminacion del contrato,cliente solicita retiro definitivo instalación,,0
peticion,terminacion del contrato,cliente solicita retiro definitivo instalación,,0
peticion,terminacion del contrato,cliente solicita retiro definitivo instalación,,0
peticion,terminacion del contrato,cliente solicita retiro definitivo instalación,,0
peticion,terminacion del contrato,cliente solicita retiro definitivo instalación,,0
peticion,terminacion del contrato,cliente solicita retiro definitivo instalación,,0
peticion,terminacion del contrato,cliente solicita retiro definitivo instalación,,0
peticion,terminacion del contrato,solicitamos cancelación inmediata servicios públicos diferentes contratos nombre consorcio mota engil identificado nit,,0
peticion,terminacion del contrato,solicitamos cancelación inmediata servicios públicos diferentes contratos nombre consorcio mota engil identificado nit,,0
peticion,informacion general,solicita explicar valores saldos anteriores factura ademas copia entrega recibido facturas,,0
peticion,informacion general,cliente solicita claridad cobros revisión instalación mano obra materiales cobrados factura,,0
peticion,"trabajos tecnicos en med, trafos, acometidas o en infraestr.",solicita traslado poste encuentra lindero dos casas esquina necesita hacer puerta garaje persona discapacitada puede realizar estorbando,,0
peticion,requerimiento competencia de otra empresa,dos cuentas misma dirección cuenta medido estan cobrando doble alumbrado publico solicitamos cobren,,0
peticion,exencion contribucion,solicito continuidad beneficio exención contribución factura energía,,0
peticion,informacion general,derecho peticion atencion articulo constitucion politica requiero comedidamente expida copia facturas chec cobradas mes enero febrero inmueble rural ubicada vereda loma hermosa municipio castilla numero medidor ruta lectura anterior verificar montos cobrados pagados traves mismas asi cobrar correspondiente respecto polizas seguro adquiridas suramericana espero respuesta favorable requerido autorizo ser notificado cualquier actuacion requerimiento correo electronico cardonasant hotmail com,,0
peticion,poda de arboles,permito medio hacer aceptación respuesta solicitud requerimiento radicado chec fin adelante posible tramite tala arboles presentan riesgo finca,,0
peticion,terminacion del contrato,adjunto solicitud soporte cancelacion matricula debido predio demolido idm construccion obras infraestructura,,0
peticion,exencion contribucion,solicito continuidad beneficio exención contribución factura energía,,0
peticion,dano en equipo electrico,queja daños ocasionados electrodomésticos día septiembre dirección cll bajos horas tarde utilizando televisor junto consola video juegos xbox aproximadamente quizas apagón pocos segundos seguido ello volvieron encender mencionados anteriormente mismo momento haciendo uso celular mientras conectado resiviendo pequeña descarga enegia travez solicita revision caso pronta respuesta indiquen solución causados,,0
peticion,condicion especial por solicitud del propietario,jorge hernán jaramillo identificado calidad abogado defensor señor gilberto díaz mendieta informo mencionado anteriormente proceso defensoría ser adulto mayor años pobreza extrema quién nivel sisben recibe subsidio gobierno sudsisye posse ningún tipo ingreso espera visita reestratificacion bajar socioeconómico figura barrio realidad debe tener estrato poreso inmueble verifico situación encontró personas paciente oxigeno dependiente demanda fraude abuso confianza vecino fallo noviembre decide motivo pueden suspender servicio predio buena liar derecho,,0
peticion,"trabajos tecnicos en med, trafos, acometidas o en infraestr.",medio presente dirijo ustedes fin solicitar favor retirado transformador ubicado predio calle carrera esquina vamos construir segundo piso cuerdas luz permiten espera pronta positiva respuesta,,0
peticion,suspension o corte del servicio,momento administración cerros alhambra encuentra podando arboles anterior tocando cuerdas primarias condominio poder proceder poda necesita suspender servicios energía solicitamos favor suspendan servicio día octubre personas haciendo trabajo puedan podar árbol bosque lindando casa,,0
peticion,"trabajos tecnicos en med, trafos, acometidas o en infraestr.",confamiliares dorada solicita programe visita técnica instalaciones centro vacacional alegría tropical fin evaluar riesgo representan acometidas encuentran instaladas manera aérea encima piscina determinar mejor tratamiento,,0
peticion,exencion contribucion,solicito continuidad beneficio exención contribución factura energía,,0
peticion,informacion general,tele contacto dando respuesta proceso permito solicitar entregue copia permisos otorgados constructora instalación transformador redes secundarias nodo adicional mente factura dicho debe permiso,,0
peticion,dano en equipo electrico,presente informar daños ocasionados día octubre oscilación voltaje presentados días,,0
peticion,exencion contribucion,solicito continuidad beneficio exención contribución factura energía,,0
peticion,cambio datos basicos,solicita actualizar direccion nombre carrera vallarta badea jose federico fasecol sas,,0
peticion,exencion contribucion,solicito continuidad beneficio exención contribución factura energía,,0
peticion,"trabajos tecnicos en med, trafos, acometidas o en infraestr.",solicitamos amablente revision redes alimentan conjunto cerrado terranova adjunto oficio,,0
peticion,exencion contribucion,solicitamos continuidad exoneración contribución energía,,0
peticion,cambio datos basicos,paulo andrés valencia tamayo identificado número cédula manizales residente carrera apto saukará trebol ciudad celular manera respetuosa solicito actualice datos suscriptor servicio energía inmueble cuenta pues aparece nombre constructora cfc asociados siguientes dirección cra apt dignery port guaduales actualizar referida,,0
peticion,requerimiento competencia de otra empresa,deseo retiren servicio seguros sura quiero seguir vinculada,,0
peticion,cambio datos basicos,requiere cambie nombre suscriptor factura cuenta actual mio oscar escobar propietario inmueble adjunto documento soporte,,0
peticion,devolucion o traslado de saldo a favor,día septiembre realizó pago factura cta ahorros error volvió realizar mismo corriente dejando así doble saldo favor hacer devolución próxima aun reflejado,,0
peticion,exencion contribucion,solicitud exención contribución,,0
peticion,perjuicios por falla en la prestacion del servicio,dirijo ustedes fin solicitarles reposición electrodomésticos quemaron descarga eléctrica presentada día octubre siendo aproximadamente mañana dirección calle barrio kennedy ciudad chinchiná caldas dichos resistieron alza niveles electricidad presentados tal motivo solicitamos colaboren dicha solicitud continuación damos datos modelo color negro sony bravia kdl,,0
peticion,"trabajos tecnicos en med, trafos, acometidas o en infraestr.",derecho petición articulo constitutión politica colombia removido templete conductor electricidad ocasiona peligro habitantes vivienda actúa pararayos,,0
peticion,exencion contribucion,solicito continuidad beneficio exención contribución factura energía,,0
peticion,perjuicios por falla en la prestacion del servicio,medio presente hago queja día septiembre uds presentaron fallas servicio suspendiendo manera inesperada ocasiono problemas empresa sandy agua vida daños maquina envasadora potable tratada circuito cámaras sufriendo daño parcial total equipos,,0
peticion,"trabajos tecnicos en med, trafos, acometidas o en infraestr.",solicita cambio medidor existente trifilar sera suministrado empresa energía cancelado propietario vivienda anexa cuenta servicios declaración retie foto,,0
peticion,perjuicios por falla en la prestacion del servicio,día viernes noviembre siendo aproximadamente presentó falla prestación servicio parte ustedes generó daño siguientes equipos electricos lcd panasonic modelo serie exaa serial mxkd anterior cuenta artículo constitución política colombia establecido normatividad vigente relación servicios públicos ordenado comisión regulación solicito realice trámite correspondiente,,0
peticion,cambio datos basicos,solicitud actualización datos cambio suscriptor debido factura todavía llega nombre realizo venta propietario actual villarreiro business corporation nit adjunto envio certificado tradicion,,0
peticion,"trabajos tecnicos en med, trafos, acometidas o en infraestr.",usuario solicita solución problema trafo viene presentando falla quemando electrodomésticos días pasados solicito chec respondieron debia hacer revision particular dijo entregando mas lineas linea neutro indeminizacion daños cuasados ademas informa redes estan haciendo corto copos arboles atencion dirigido superintendencia ayude solucionar,,0
peticion,devolucion o traslado de saldo a favor,interpongo presente reclamo realice devolucion cuales cobrados injustamente mediante factura nro ministerio transporte cancelo evitar siguieran cobrando intereses mora procedente cobro servicio cancelado oportunamente,,0
peticion,actualizacion por habeas data,queja aquí radicó uso indebido información datos personales usuarios concretamente nombres apellidos teléfono empresas diferentes central hidroelectrica caldas chec usuaria empresa dado autorización alguna compartan,,0
peticion,perjuicios por falla en la prestacion del servicio,manera respetuosa dirigimos ustedes fin reportar evento ocurrido día hoy horas mañana ips interconsultas sura sede ubicada carrera debido presentó apagón repentino energía eléctrica generó daño nevera servicio laboratorio clínico quedó alguno raíz dicho cambio abrupto público anterior solicitar informado trámite gestión respectiva hacer reclamación pérdida electrodoméstico función relevante prestación,,0
peticion,cambio datos basicos,proceso quedo mal grabado nombre,,0
peticion,"trabajos tecnicos en med, trafos, acometidas o en infraestr.",necesitamos cambiar postes luz huecos alojan abejas necesario ubicar sitio mas seguro,,0
peticion,exencion contribucion,solicita continuidad exención contribución adjunta rut,,0
peticion,exencion contribucion,solicita exención contribución primera vez adjunta rut,,0
peticion,cambio datos basicos,solicitud actualización datos registrados factura debido realice venta propiedad propietario actual villarreiro business corporation nit adjunto certificado tradicion finca patio bonito,,0
peticion,informacion general,saber factura financiada cuanto debe comercial residencial vivo españa inquilinos dan cuentas claras espero puedan colaborar saludo,,0
peticion,perjuicios por falla en la prestacion del servicio,día noviembre cerca empezó irse energía eléctrica iba volvía motor congelador panorámico dejo funcionar,,0
peticion,cambio datos basicos,solicitud cambio suscriptor propietario vivienda,,0
peticion,requerimiento competencia de otra empresa,solicito amablemente descontar seguro sura partir ademas reintegrar valores descontados éste concepto puesto ningún momento autorizado dicho producto agradezco colaboración,,0
peticion,devolucion o traslado de saldo a favor,error plataforma pagado factura dos veces puedo hacer devolución gracias,,0
peticion,cambio datos basicos,adjunta cámara comercio verificar nueva dirección nombre empresa así proceder cambio factura proceso anterior,,0
peticion,perjuicios por falla en la prestacion del servicio,quiero interponer queja formal día sábado octubre tronando cayó rayo inmediaciones casa resido descarga quemado led propiedad solicito empresa pronuncie problemática luz disposiciones superintendencia servicios públicos domiciliarios responsabilidad compartida daño electrodomésticos descargas eléctricas origen atmosférico,,0
peticion,exencion contribucion,solicita continuidad exención contribución adjunta rut,,0
peticion,perjuicios por falla en la prestacion del servicio,problemas artículos electrónicos últimas tormentas eléctricas quemado televisores decodificador,,0
peticion,terminacion del contrato,señor uvencio través sspd solicita terminación común acuerdo contrato prestación servicio publico energía predio identificado cuenta,,0
peticion,cambio datos basicos,favor cambiar dirección correspondencia factura aparece real cra florida adjunto cert nomenclatura posible adjuntar mas archivos solicitud contactarme necesitan info adicional,,0
peticion,"trabajos tecnicos en med, trafos, acometidas o en infraestr.",solicito colaboración cambio poste entrada vivienda ladeado fracturado representa peligro habitantes,,0
peticion,requerimiento competencia de otra empresa,quiero reportar daño luminaria ubicada frente dirección predio apaga prende intermitentemente afecta visibilidad sector espero puedan enviar solucionar inconveniente mas pronto posible muchas gracias atención prestada,,0
peticion,exencion contribucion,cliente adjunta soportes continuar beneficio exoneración contribución dcto,,0
peticion,cambio datos basicos,tan amable debe hacer cambio direccion entrega sigueintes facturas nombre agricola parnaso ser entregadas directamente predio,,0
peticion,perjuicios por falla en la prestacion del servicio,día viernes noviembre presenta altibajo suministro energía seguido corte total duro toda noche servicio restablecido sábado horas mañana consecuencia computador escritorio afectado volvió encender después suceso hecho reportado línea cliente identificó problema inmediatamente correo respuesta mmejia invama gov gracias atención,,0
peticion,emision de documento para pago,hacen revisión medidor aumento consumo emiten nueva factura restante vencía entregan voy pagar puede,,0
peticion,normalizar instalacion,solicitud prórroga normalización servicio colegio integrado nacional oriente caldas juan carlos loaiza serna representante legal oficio anexo,,0
peticion,"trabajos tecnicos en med, trafos, acometidas o en infraestr.",solicitamos amablemente estudiar posibilidad instalar transformador mas cercano vivienda actual encuentra alejado servicio energia electrica deficiente presenta alti bajos interrupciones,,0
peticion,exencion contribucion,beneficio contribución conformidad expuesto decreto efectos siga,,0
peticion,gestionar financiacion,quisiera solicitar refinanciación factura energía casa dos meses pago día hoy cuento recursos,,0
peticion,cambio datos basicos,usuario solicita factura llege correo electronico inscrito siga llegando fisico predio cll pso,,0
peticion,"trabajos tecnicos en med, trafos, acometidas o en infraestr.",solicitamos urgente reparacion poste tumbado maquinista municipio encontraba haciendo mantenimiento carretera parecer daño transformador codigo,,0
peticion,exencion contribucion,solicitud exención contribución,,0
peticion,informacion general,amable colaboración brindándome información causa raíz falla energía presentó bajo número suscrito día noviembre afectara circuito zona encuentra ubicada hora inicio fin,,0
peticion,informacion general,comedidamente hago petición copia facturas consumo meses febrero fin legalizar trámites compra predio instalación paneles solares favor enviar correo sebasca gmail com atentamente sebastián cajiao,,0
peticion,reconexion,solicitud reconexion servicio,,0
peticion,cambio datos basicos,buenos días respetuosamente permito solicitar próximas facturas realizadas nombre propietario residencia mención gracias atención,,0
peticion,terminacion del contrato,envia solicitud cancelación contrato nombre metrovia sas nit calidad solicitante servicio favor notificar través correo suministrado respuesta gracias colaboración,,0
peticion,exencion contribucion,yessica valencia alvaran identificada cedula ciudadanía nro expedida chinchiná representante legal industrias yessi anexo rut actualizado contribución solidaridad sector eléctrico nombre usuario industrial,,0
peticion,cambio datos basicos,solicito facturas sigan llegando manera física dirección predio presta servicio edf torre milano cra apto,,0
peticion,informacion general,favor reiteramos solicitud retiro sitios wifi adjunto carta direccionar cobro relacione formato cuenta agrupadora pago mil gracias,,0
peticion,gestionar financiacion,oficio anexo solicita facilidades pago inquilina,,0
peticion,perjuicios por falla en la prestacion del servicio,solicito reparación reposición electrodomesticos dañaron debido problemas red electrica día noviembre alrededor detalles pdf adjunto,,0
peticion,perjuicios por falla en la prestacion del servicio,solicito empresa haga responsable daños causados electrodoméstico pues suceso funcionaba perfectamente características lavadora challanger dirección calle apt zandalo ocurrido noviembre reportado numero,,0
peticion,"trabajos tecnicos en med, trafos, acometidas o en infraestr.",solicitar retiro sellos traslado medidor gabinete certificado separación servicios,,0
peticion,cambio datos basicos,favor enviar nuevamente factura físico predio inmueble vendido nuevo usuario requiere forma,,0
peticion,"trabajos tecnicos en med, trafos, acometidas o en infraestr.",buenas noches requerimos revisión transformador proporciona energía dirección informada anteriormente debido presentado varios daños contadores asignados apartamentos bloque parecer corresponde voltaje alto solicita confirmar fusibles adecuados,,0
peticion,cambio datos basicos,solicitar cambio nombre llega factura gracias,,0
peticion,informacion general,solicitamos colaboración revisión medidor llega nombre pertenece emas agradezco,,0
peticion,requerimiento competencia de otra empresa,alto costo alumbrado publico calles barrio cuadra iluminación,,0
peticion,"trabajos tecnicos en med, trafos, acometidas o en infraestr.",jose albeiro zuluaga galvez,,0
peticion,informacion general,colegio popular diocesano,,0
peticion,"trabajos tecnicos en med, trafos, acometidas o en infraestr.",nelson jesus ramirez giraldo,,0
peticion,emision de documento para pago,ana delfa carmona gallego,,0
peticion,gestionar financiacion,nora elcy tobon moreno,,0
peticion,emision de documento para pago,diego antonio benavides villegas,,0
peticion,devolucion o traslado de saldo a favor,hector fabio montoya londoño,,0
peticion,"trabajos tecnicos en med, trafos, acometidas o en infraestr.",ramon elias rodriguez aguirre,,0
peticion,"trabajos tecnicos en med, trafos, acometidas o en infraestr.",agroindustrias perla ltda,,0
peticion,dano en equipo electrico,alvaro galindo florez,,0
peticion,cambio datos basicos,claudia marcela rios mahec,,0
peticion,"trabajos tecnicos en med, trafos, acometidas o en infraestr.",jan koot cornelis arnoldus,,0
peticion,devolucion o traslado de saldo a favor,supermercados villamaria,,0
peticion,dano en equipo electrico,conjunto cerrado horizontes,,0
peticion,requerimiento competencia de otra empresa,fanny buitrago villegas,,0
peticion,gestionar financiacion,john jairo garcia castaño,,0
peticion,gestionar financiacion,john jairo garcia castaño,,0
peticion,terminacion del contrato,gustavo adolfo agudelo lopez,,0
peticion,condicion especial por solicitud del propietario,rad solicito factura bloquear financiación aurora rsa sura patria pfs vivienda arrendada inquilinos entregaron dejando gran deuda cancelar anotar aparece nombre davivienda cancelando leasing mil gracias,,0
peticion,cambio datos basicos,rad deja enviar sino sola imagen certificado registro tradición noviembre,,0
peticion,emision de documento para pago,rad necesito factura pueda ver claridad estrato dirección,,0
peticion,emision de documento para pago,rad duplicado factura,,0
peticion,emision de documento para pago,rad solicito duplicado ltima factura gracias,,0
peticion,cambio datos basicos,rad buenas tardes adjunto envío datos copia escritura cambio suscriptor gracias,,0
peticion,"trabajos tecnicos en med, trafos, acometidas o en infraestr.",rad requiere cotización cambio red secundaria cuádruplex transformador mejorar calidad servicio estima metros autorización chec factibilidad,,0
peticion,requerimiento competencia de otra empresa,hace días alumbrado público calle carreras bohío conjunto residencial zuitama dosquebradas vía campestres posible época contratistas empleados encuentren vacaciones ladrones aprovechan oscuridad factura seguirá cobrando aunque pres,,0
peticion,emision de documento para pago,rad solicita pantallazo factura mes octubre,,0
peticion,terminacion del contrato,rad medio presente hacemos notificación cancelación servicio bajo contrato contratado municipio marulanda caldas debe hacerse efectivo horas día diciembre ejecución financiera proyectos asociados servicios cobros pendientes parte wireless comunicaciones,,0
peticion,"trabajos tecnicos en med, trafos, acometidas o en infraestr.",requiere visita inspección validar niveles tensión dado oficina colpensiones dorada presentando constantemente daños sistema iluminación favor comunicarse persona encargada correo jacabreraa gov,,0
peticion,requerimiento competencia de otra empresa,factura cobran impuesto alumbrado publico corresponde dada ubicación vivienda ningún beneficio solicito ajustar ubicar lampara,,0
peticion,cambio datos basicos,solicita cambio nombre cuenta adicionales aparecen vendí dicha propiedad observa vur deben quedar hernan guillermo arroyave franco envio cédula nuevo propietario correo atención cliente,,0
peticion,cambio datos basicos,favor actualizar nombre suscriptor siga llegando mario mejia valencia anexo documentos soportan solicitud,,0
peticion,cambio datos basicos,solicito modificación cambio suscriptor nombre cuenta señora evangelina valencia hace años propietaria bien sino maria esmeralda duque alzate anexa certificado libertad tradición cédula ciudadanía,,0
peticion,perjuicios por falla en la prestacion del servicio,cerca casa reventó cuerda cayo vela produjo descarga quemo varias cosas solicito pago reparaciones daños causados,,0
peticion,requerimiento competencia de otra empresa,parece inaudito consumo normal alrededor mil pesos mientras encuentro viviendo apartamento mes diciembre solo día factura llegue casi causa alumbrado público navideño páginas redes sociales dicen cobra entonces cobran,,0
peticion,cambio datos basicos,solicito factura siga siendo enviada calle gracias,,0
peticion,exencion contribucion,exoneración contribución energía industriales decreto,,0
peticion,informacion general,mes septiembre radicamos solicitud exoneración contribución recibido ningún tipo respuesta momento continúan cobros agradecemos valida oportuna requerimiento cordialmente carolina botero gestión ambiental busscar colombia,,0
peticion,"trabajos tecnicos en med, trafos, acometidas o en infraestr.",presento derecho petición reubicación poste generando riesgo núcleo familiar número mención vez trasformador ver adjunto,,0
peticion,terminacion del contrato,solicitamos cancelación cuenta retiro medidor dado consumo alguno calidad representación propietario realizamos solicitud adjunto poder ctl factura paga ccb representante legal,,0
peticion,informacion general,cliente solicita saber causa raíz falla reportada día diciembre municipio merced numero reporte,,0
peticion,cambio datos basicos,respetuosamente permito solicitar cambio nombre titular factura hace varios años propietario residencia mención john jairo giraldo grisales manizales,,0
peticion,informacion general,solicito favor aclaración factura mes enero llega deuda facturas noviembre diciembre canceladas,,0
peticion,informacion general,necesito información número reporte orden trabajo presentó falla energía estación quiero saber posible causa bajo numero suscrito municipio aranzazu día diciembre,,0
peticion,informacion general,señores chec problema factura llega mensaje diciéndome presenta mora productos adquiridos empresa día facturas favor necesito digan gracias,,0
peticion,cambio datos basicos,cambio nombre suscriptor cuenta energía,,0
peticion,cambio datos basicos,solicita cambio nombre cuenta adicionales aparecen vendí dicha propiedad observa vur deben quedar hernan guillermo arroyave franco envio cédula nuevo propietario correo atención cliente,,0
peticion,cambio datos basicos,cambio direccion postal siguiente carrera apartamento edificio tramonti barrio camelia,,0
peticion,informacion general,buen dia solicito colaboración siguiente tema conjunto llego notificación adjunto pudieron leer contadores energía solicitamos fin indicarnos volante empresa siendo asi motivo,,0
peticion,reconexion,solicito comedidamente reconexion servicio energía inmueble,,0
peticion,terminacion del contrato,solicito retirar servicio chec predio cuento tres medidores solo necesito,,0
peticion,"trabajos tecnicos en med, trafos, acometidas o en infraestr.",solicito estudio posibilidad reubicar red predio declarado pbot municipio área expansión urbana actualmente interfiere desarrollo urbanistico,,0
peticion,terminacion del contrato,solicitud cancelación definitiva cuenta retiro medidor adjunto certificado tradición ultimo pago copia factura,,0
peticion,"trabajos tecnicos en med, trafos, acometidas o en infraestr.",solicito amablemente retiro traslado transformador ubicado institución educativa san clemente,,0
peticion,"trabajos tecnicos en med, trafos, acometidas o en infraestr.",quiero saber cuál procedimiento ustedes puedan retirar unas cuerdas energía ponen riesgo integridad fisica habitantes casa mil gracias,,0
peticion,terminacion del contrato,servicio actualmente suspendido solicita cancelación adquirió nuevo instalado,,0
peticion,terminacion del contrato,servicio suspendido solicita terminación edificó nueva construcción contrató nuevo activo,,0
peticion,terminacion del contrato,servicio activo mientras realizaba obra nueva ésta lista cuenta nuevo así necesario retirar viejo contador desconectarlo red eléctrica,,0
peticion,cambio datos basicos,solicito cambio suscriptor cuenta pues llegando nombre papá francisco antonio arcila debe llegar luis cano abril presentado solicitud localidad salamina corregido ahora pasó vuelve aparecer padre,,0
peticion,exencion contribucion,solicitud continuidad exención contribución,,0
peticion,exencion contribucion,solicitud continuidad exención contribución,,0
peticion,normalizar instalacion,solicito hacer revisión instalación debido cortos ido generando casa electrodomésticos salida humo debe cableado contador óptimas condiciones,,0
peticion,cambio datos basicos,cambio nombre cliente factura,,0
peticion,requerimiento competencia de otra empresa,solicito amablemente retirado cobro emitido facturación registra servicios rsa seguros cabe aclarar suscriptor servicio energía autorizado autorizo,,0
peticion,exencion contribucion,buenos dias envio rut actualizado continuar exoneracion contribucion,,0
peticion,exencion contribucion,buenas tardes adjunto envio rut gyj paar continuar benefico exoneracion contribucion,,0
peticion,informacion general,usuario solicita acompañamiento explique realizar mediciones tomar datos sugieren dia martes jueves debido deben trasladar personal cerritos,,0
peticion,exencion contribucion,requiere beneficio exención contribución cuentas número sector cien pesos municipio marmato cerca plaza principal colombiano entrada mineros nacionales,,0
peticion,exencion contribucion,solicitud beneficio exoneración impuesto contribución solidaridad,,0
peticion,terminacion del contrato,solicitud cancelación definitiva cuenta retiro medidor adjunto certificado tradición ultimo pago copia factura,,0
peticion,"trabajos tecnicos en med, trafos, acometidas o en infraestr.",solicito favor realicé manera urgente revisión cambio poste ubicado carrera debido encuentra partido base inclinación riesgo caida inmueble,,0
peticion,exencion contribucion,exoneración contribución energía industriales decreto,,0
peticion,terminacion del contrato,solicitamos cancelación cta retiro medidor consumo uso alguno calidad representación propietario realizamos solicitud adjunto poder ctl fact paga enero trámite ccb representante legal,,0
peticion,cambio datos basicos,buenos dias respetuosamente solicito medio viable cambiar nombre usuario factura servicio energia toda vez nuevo propietario anexo pag certificado libertad tradicion inmueble agradezco atención espero respuesta correo fernando hotmail com,,0
peticion,cambio datos basicos,anexamos documentos cambio propietario constructora cfc asociados silvio mesa,,0
peticion,reclamacion extemporanea o agotada la via administ,buenas tardes presenta continuar proceso valieron recurso reposición excedí límite tiempo mala información funcionarios pueden valer queja pongo presente continuaré sigo inconforme factura dicho periodo reitero casa sola manifesté anterior cómo posible vaya llegar caro incluso única vivo ilógico anteriormente septiembre aproximadamente puesto ocupé predio febrero facturas caras comparaba mismo estrato uso vivía oportunidad técnico mostró puerta garaje quedé satisfecha respuesta seguí pagando normalmente,,0
peticion,"trabajos tecnicos en med, trafos, acometidas o en infraestr.",solicita revisar cableado cruza lote propiedad momento proceso construcción ofrece peligro dicha,,0
peticion,terminacion del contrato,amablemente solicito apoyo hacer efectivo retiro cuentas relacionan cuyo definitivo pagó factura enero mil gracias,,0
peticion,terminacion del contrato,amablemente solicito apoyo hacer efectivo retiro cuentas relacionan cuyo definitivo pagó factura enero mil gracias,,0
peticion,terminacion del contrato,amablemente solicito apoyo hacer efectivo retiro cuentas relacionan cuyo definitivo pagó factura enero mil gracias,,0
peticion,terminacion del contrato,amablemente solicito apoyo hacer efectivo retiro cuentas relacionan cuyo definitivo pagó factura enero mil gracias,,0
peticion,terminacion del contrato,amablemente solicito apoyo hacer efectivo retiro cuentas relacionan cuyo definitivo pagó factura enero mil gracias,,0
peticion,terminacion del contrato,amablemente solicito apoyo hacer efectivo retiro cuentas relacionan cuyo definitivo pagó factura enero mil gracias,,0
peticion,terminacion del contrato,amablemente solicito apoyo hacer efectivo retiro cuentas relacionan cuyo definitivo pagó factura enero mil gracias,,0
peticion,terminacion del contrato,amablemente solicito apoyo hacer efectivo retiro cuentas relacionan cuyo definitivo pagó factura enero mil gracias,,0
peticion,terminacion del contrato,amablemente solicito apoyo hacer efectivo retiro cuentas relacionan cuyo definitivo pagó factura enero mil gracias,,0
peticion,terminacion del contrato,amablemente solicito apoyo hacer efectivo retiro cuentas relacionan cuyo definitivo pagó factura enero mil gracias,,0
peticion,terminacion del contrato,amablemente solicito apoyo hacer efectivo retiro cuentas relacionan cuyo definitivo pagó factura enero mil gracias,,0
peticion,terminacion del contrato,amablemente solicito apoyo hacer efectivo retiro cuentas relacionan cuyo definitivo pagó factura enero mil gracias,,0
peticion,terminacion del contrato,amablemente solicito apoyo hacer efectivo retiro cuentas relacionan cuyo definitivo pagó factura enero mil gracias,,0
peticion,"trabajos tecnicos en med, trafos, acometidas o en infraestr.",solicito mover reacomodar cuerdas poste identificado numero,,0
peticion,"trabajos tecnicos en med, trafos, acometidas o en infraestr.",medio presente solicito traslado poste alumbrado público mal ubicado inmediaciones predio adicional anterior encuentra obstruyendo acceso proyecto licenciado requiero iniciar construcción,,0
peticion,reconexion,usuario proceso noviembre ejecuto solo medidor ahora solicita reconecte nuevamente,,0
peticion,terminacion del contrato,amablemente solicito apoyo hacer efectivo retiro cuentas relacionan cuyo definitivo pagó factura enero mil gracias,,0
peticion,terminacion del contrato,amablemente solicito apoyo hacer efectivo retiro cuentas relacionan cuyo definitivo pagó factura enero mil gracias,,0
peticion,terminacion del contrato,amablemente solicito apoyo hacer efectivo retiro cuentas relacionan cuyo definitivo pagó factura enero mil gracias,,0
peticion,terminacion del contrato,amablemente solicito apoyo hacer efectivo retiro cuentas relacionan cuyo definitivo pagó factura enero mil gracias,,0
peticion,terminacion del contrato,amablemente solicito apoyo hacer efectivo retiro cuentas relacionan cuyo definitivo pagó factura enero mil gracias,,0
peticion,terminacion del contrato,amablemente solicito apoyo hacer efectivo retiro cuentas relacionan cuyo definitivo pagó factura enero mil gracias,,0
peticion,terminacion del contrato,amablemente solicito apoyo hacer efectivo retiro cuentas relacionan cuyo definitivo pagó factura enero mil gracias,,0
peticion,terminacion del contrato,amablemente solicito apoyo hacer efectivo retiro cuentas relacionan cuyo definitivo pagó factura enero mil gracias,,0
peticion,devolucion o traslado de saldo a favor,consumo cuenta frt ajustado período agosto septiembre pasando kwh producto ajuste realizado quedó saldo favor,,0
peticion,cambio datos basicos,anexamos siguientes documentos cambio propietario silvio mesa jose arturo cardona,,0
peticion,terminacion del contrato,requiere cancelar cuenta posible instalar estación telecomunicaciones tener activa,,0
peticion,perjuicios por falla en la prestacion del servicio,solicita realizar pago tres transformadores tensión dañados momento revisión energización parte chec servicio medida nivel según reclamación anterior número dado existe evidencia conexión correcta energizar adjunta copia factura compra,,0
peticion,requerimiento competencia de otra empresa,cuenta alumbrado publico cobrado factura,,0
peticion,terminacion del contrato,solicita terminación contrato retiro medidor adjunta oficio solicitud pago chec soporte saldo servicio,,0
peticion,"trabajos tecnicos en med, trafos, acometidas o en infraestr.",existe torre patio casa impiden disfrutar propiedad misma detonado tormentas solicito mueva pague arrendo,,0
peticion,requerimiento competencia de otra empresa,hola reclamo cobro exagerado predio habitado concepto alumbrado público bien deben cobrar servicio parece ilógico pague dicho pido rebaja sustancial porfavor,,0
peticion,exencion contribucion,exoneración contribución energía industriales decreto,,0
peticion,exencion contribucion,exoneración contribución energía industriales decreto,,0
peticion,condicion especial por solicitud del propietario,propietario bien inmueble autoriza registro plan exequiales inquilino autorizan servicios cualquier índole luego perjudicado pagando cosas autorizó,,0
peticion,devolucion o traslado de saldo a favor,factura enero cancelada veces apostar convenio bbva internet,,0
peticion,gestionar financiacion,solicito retirado factura energía cobro intereses financiación trabajo realizó día según orden solicitó cobrada sola cuota decir contado,,0
peticion,cambio datos basicos,medio presente permito extender petición retomar facturas físicas servicio energía número suscriptor dirección calle apt manizales caldas debido sirve únicamente lleguen electrónico,,0
peticion,cambio datos basicos,solicitud cambio nombre suscriptor cambiando germán emilio hincapié calderón mario ferney cobaleda balcero,,0
peticion,informacion general,calidad administradora edificio madeira solicito lectura contadores días lunes miércoles sábados debido operario servicios generales solo labora semanales muchas gracias cordialmente maria dignery betancourt celular,,0
peticion,exencion contribucion,exoneración contribución energía industriales,,0
peticion,perjuicios por falla en la prestacion del servicio,cliente manifiesta febrero energia sobrecarga daño telefono celular solicita indemnizacion perjuicios causados,,0
peticion,exencion contribucion,requiere continuidad exención contribución,,0
peticion,exencion contribucion,exoneración contribución energía industriales decreto,,0
peticion,exencion contribucion,solicito continuidad beneficio exención contribución factura energía,,0
peticion,terminacion del contrato,solicita terminación contrato retiro medidor adjunta oficio solicitud pago chec soporte saldo servicio,,0
peticion,exencion contribucion,exención contribución energía,,0
peticion,"trabajos tecnicos en med, trafos, acometidas o en infraestr.",necesita saber causa raíz falla reportada día marzo bajo número chec personal técnico evidencio daño cañuelas postes electrificadora adjunta evidencia,,0
peticion,perjuicios por falla en la prestacion del servicio,presente informamos día mañana falla eléctrica cll san ángel afectando fresadora cnc lagun fbf producción pedimos haga revisión manejo responsabilidad pues momento encontramos lucro cesante,,0
peticion,informacion general,delsa solicita claridad ajuste realizado cuenta mala aplicación censo carga así mismo pide indique debe reportar mensualmente censos luminarias factura liquide correctamente,,0
peticion,perjuicios por falla en la prestacion del servicio,solicito evaluar responsabilidad chec daño electrodoméstico sony modelo kdl descarga atmosférica día sábado dicho equipo dejo funcionar ningún mas agradezco valoren,,0
peticion,cambio datos basicos,solicito administradora representante legal propiedad factura energía siga llegando nombre parque centro,,0
peticion,exencion contribucion,solicito continuidad beneficio exención contribución factura energía,,0
peticion,cambio datos basicos,solicita favor entregue factura física servicio energía cra llegando gracias,,0
peticion,"trabajos tecnicos en med, trafos, acometidas o en infraestr.",poste lineas templetes ponen peligro familia,,0
peticion,exencion contribucion,exoneración contribución energía industriales decreto,,0
peticion,exencion contribucion,adjunto rut actualizado requisito continuar beneficio tributario exoneración contribución,,0
peticion,requerimiento competencia de otra empresa,conversación telefónica hija solicitante afirma solicitud seguro cobran factura nunca autorizo lleva pagando mas año solicita retiren devuelvan dinero,,0
peticion,exencion contribucion,actualizacion rut exoneracion contribucion energia,,0
peticion,poda de arboles,poda lineas eléctricas llegan transformadores,,0
peticion,perjuicios por falla en la prestacion del servicio,hoy marzo interrupción suministro eléctrico dañado televisor simply led modelo syled decodificador dtc plus caso expuesto documento adjunto,,0
peticion,exencion contribucion,solicitud continuar exoneración impuesto contribución cumplir requisitos adjunto rut actualizado,,0
peticion,"trabajos tecnicos en med, trafos, acometidas o en infraestr.",presente solicitar retiro poste encuentra entrada guadaludalito linda edificio saukara debido inclinado presenta gran peligro comunidad muchas gracias maria dignery betancourt representante legal celular,,0
peticion,exencion contribucion,adjunto rut actualizado exoneracion contribución gracias atencion prestada,,0
peticion,exencion contribucion,exoneración contribución energía industriales decreto,,0
peticion,devolucion o traslado de saldo a favor,consumo cuenta frt ajustado período agosto septiembre pasando kwh producto ajuste realizado quedó saldo favor solicitamos trasladar,,0
peticion,cambio datos basicos,solicitud cambio nombre suscriptor compre vivienda constructora asul solicito quede,,0
peticion,perjuicios por falla en la prestacion del servicio,día marzo horas madrugada energía pone funcionamiento planta eléctrica regresa chec afectan moto bombas calentadores piscina nuevamente consola citofonía quedando realizando cotización posibles daños,,0
peticion,perjuicios por falla en la prestacion del servicio,día marzo cheq realizó trabajos milán restaurar energía puso fases invertidas provocando moto bombas conjunto trabajaran forzadas quemando tarjetas calentadores piscinas jacuzzi,,0
peticion,gestionar financiacion,buenas tardes través presente hago solicitud acuerdo pago pesos quedando pendiente pagar restante quincena,,0
peticion,informacion general,punto venta rebajas dosquebradas cerrado marzo abril condiciones aislamiento obligatorio preventivo anterior fin empresa vaya generar facturas promedio cuenta disminución consumo solo establecimiento,,0
peticion,exencion contribucion,solicito continuidad exención contribución,,0
peticion,exencion contribucion,exoneración contribución energía industriales decreto,,0
peticion,informacion general,actualmente adelantamos proyecto coordinacion protecciones mejoras ehs requerimos niveles cortocircuito red agradecemos pronta respuesta debemos mantener indicadores gestión,,0
peticion,exencion contribucion,solicito continuidad exención contribución,,0
peticion,perjuicios por falla en la prestacion del servicio,quemó día marzo debido mal funcionamiento transformador solicito amablemente compensación tal daño medidor,,0
peticion,exencion contribucion,exoneración contribución energía industriales decreto,,0
peticion,gestionar financiacion,quisiera pagar factura meses anunciado gobierno extracto gracias,,0
peticion,informacion general,buenas tardes envio escrito referente aumento consumo energia,,0
peticion,exencion contribucion,envió documento rut exención contribución energía industriales,,0
peticion,exencion contribucion,continuar exoneracion,,0
peticion,devolucion y/o copia de documentos,señores chec medio siguiente dirijo ustedes fin tener copia comprabantes pago factura comprendido año existen inconcistencias programa financiación vital importancia recibos agradecemos gestión,,0
peticion,exencion contribucion,solicitud exención contribución trata decreto dado cumple requisitos necesarios acceder dicho beneficio,,0
peticion,perjuicios por falla en la prestacion del servicio,hoy después suspender energía llegar nuevamente dos televisores presentan rayas pantalla color rosado marca hyundai pulgadas volvió ver mostrar sony,,0
peticion,perjuicios por falla en la prestacion del servicio,mañana marzo altibajos servicio energía restablecerse notamos pilotos tres televisores casa encendían asi mismo lámparas parqueadero habitaciones referencias encienden televisor marca modelo serial rmjfm pulgadas ujg mxrfkt solicitamos revisión caso cuenta funcionando total normalidad,,0
peticion,separacion temporal o pago dirigido,petición objetivo obtener únicamente consumo servicio energia así poder cancelar factura energía tener inconvenientes futuros muchas gracias atención,,0
peticion,separacion temporal o pago dirigido,petición objetivo obtener únicamente consumo servicio energía así poder cancelar factura tener inconvenientes futuros muchas gracias atención segunda primera pudo,,0
peticion,aplicacion beneficio propiedad o venta de activos,transformador encuentra asociado cuenta propiedad requiero pase ser chec agradezco atención,,0
peticion,emision de documento para pago,buenas tardes deseo envien factura servicio enrgia llegando podido pagar,,0
peticion,requerimientos entes oficiales o entidades externa,solicitud garantizar servicio congelamiento tarifas cobro intereses energía,,0
peticion,exencion contribucion,adjunto rut solicitar continuación exoneración contribución clave,,0
peticion,exencion contribucion,exoneración contribución energía industriales decreto,,0
peticion,exencion contribucion,solicito continuidad exención contribución,,0
peticion,exencion contribucion,exoneración contribución energía industriales decreto,,0
peticion,informacion general,erco energía solicito favor suministro información contenida archivo adjunto básicamente datos básicos realizar estudio conexión según creg proyectos agpe,,0
peticion,"trabajos tecnicos en med, trafos, acometidas o en infraestr.",noche hoy notificada vigilante porteria propietaria casa ubicada conjunto campestre reserva alamos fuerte ruido estallido portes ubicados dentro predio servicio energía interrumpido solicitamos chec través funcionarios atendidos impase según radicado marzo radicamos solicitud reubicacion poste ubicado particular anoche evento parece ser quemo pone peligro vida habitantes,,0
peticion,"trabajos tecnicos en med, trafos, acometidas o en infraestr.",petición viene proceso reitera necesidad reubicar infraestructura mal apoyo evento electrico ocrrio mismo marzo,,0
peticion,cambio de uso,peticion cambio uso motivos emergensia sanitaria covid solicitamos respetuosamente tramite urgente petición mediados marzo decidido suspender actividad comercial manera permanente ademas invocamos emergencia adjunta certificado estratificacion,,0
peticion,informacion general,deseo cancelar vinculos propiedad ninguna indole,,0
peticion,emision de documento para pago,cancelo factura periodo diciembre enero dia marzo nueva llega doble mes necesitamos cancelar saldo corresponde puntos pago reciben distinto pueden generar correcto poder gracias adjunta anterior cancelada,,0
peticion,gestionar financiacion,buenas tardes través presente hago solicitud acuerdo pago pesos quedando pendiente pagar restante quincena,,0
peticion,perjuicios por falla en la prestacion del servicio,pasado abril aproximadamente descarga eléctrica línea primaria quemado televisor momento tal suceso westinghouse modelo serial color negro tamaño pulgadas gracias atención antemano,,0
peticion,gestionar financiacion,solicito medio financiación factura luz debido generando ingresos pandemia pagar,,0
peticion,informacion general,derecho petición conceptos corresponden solicitud generación factura nueva vía electrónica adjunta escrito usuario,,0
peticion,exencion contribucion,exoneración cargo contribución panadería delicias emmanuel,,0
peticion,exencion contribucion,solicita renovacion beneficio contributivo sgtes numeros cuentas energia industrial comercial,,0
peticion,exencion contribucion,exoneración contribución energía industriales decreto,,0
peticion,perjuicios por falla en la prestacion del servicio,vicenta mónica cabarcas consugra identificada residencia urbanización bosques carbonero manzana casa municipio dosquebradas risaralda viendo afectada fluctuaciones energía presentaron parte ustedes día marzo horas madrugada lluvias tormentas eléctricas solo interrupciones luz varias ocasiones afecto televisor codificador empresa une domicilio pues quise encender mañana encendió tarde llame línea atención cliente dijeron debía presentar escrito afectación cuestiones covid confinamiento personas mayores años posible persona quiero pase tiempo poner conocimiento daño presentó solicito manera respetuosa reposición,,0
peticion,informacion general,difícil comunicarse números solicito informe pasa cuenta día hoy pague factura internet dos meses decía total debía pagar mil entiendo quedar saldo pendiente favor revisar,,0
peticion,devolucion o traslado de saldo a favor,dia abril pagó davivienda aprovación volvieron cobrar medio cuenta mismo favor efectuar devolución correspondiente banco,,0
peticion,informacion general,solicito favor historial facturación partir septiembre enero,,0
peticion,exencion contribucion,solicito continuidad exención contribución,,0
peticion,exencion contribucion,solicito continuidad exención contribución,,0
peticion,perjuicios por falla en la prestacion del servicio,quemó día marzo debido mal funcionamiento transformador solicito amablemente compensación tal daño medidor,,0
peticion,emision de documento para pago,quiero pagar factura linea llega seguro arrendada pido favor nuevo mero consumo indicarme puede efectivo punto,,0
peticion,separacion temporal o pago dirigido,solciita pagar solo energia,,0
peticion,informacion general,permito envíar solicitud reconexión servicio calle barrio andes dorada,,0
peticion,informacion general,comedidamente dirigen ustedes maria ligia murillo vinasco identificada solicito realice congelamiento cobro tarifas pagos meses junio julio virtud persona independiente cuento recursos economicos ademas fenómeno covid,,0
peticion,terminacion del contrato,cordialmente solicito retiro energía nombre predio llamado chirapoto vereda dicha solicitud hago enajenación voluntaria pacifico tres muchas gracias,,0
peticion,requerimiento competencia de otra empresa,atentamente reitero solicitud suspender cobro alumbrado cuenta vereda ubicado medidor carece iluminación adjunto respuesta enviada publico villamaria misma instrucciones chec radicamos antemano gracias atencion prestada,,0
peticion,exencion contribucion,solicito continuidad exención contribución,,0
peticion,requerimiento competencia de otra empresa,respetuosamente solicito exoneración impuesto alumbrado publico inmueble desocupado enero,,0
peticion,exencion contribucion,acuerdo decreto solicito exoneración energía,,0
peticion,gestionar financiacion,quisiera pagar factura meses anunciado gobierno extracto gracias,,0
peticion,emision de documento para pago,buenas tardes haber podemos hacer arreglo factura momentos solo momento resto plata conversación telefonica abril cliente afirma necesitar abono,,0
peticion,perjuicios por falla en la prestacion del servicio,falla servicio jueves abril ocasiono daño electrodomesticos solicita reparción mismos,,0
peticion,terminacion del contrato,necesito retiro definitivo medidor utilizando,,0
peticion,devolucion y/o copia de documentos,señores chec medio siguiente dirijo ustedes fin tener copia comprabantes pago factura comprendido año existen inconcistencias programa financiación vital importancia recibos agradecemos gestión,,0
peticion,cambio datos basicos,solicito actualización nombre propietario,,0
peticion,cambio datos basicos,respetuosamente permito solicitar haga cambio suscriptor cuenta compre vivienda requiero factura aparezca nombre mio agradezco colaboracion oportuno tramite anexo archivo pdf certificado tradicion libertad copia cedula,,0
peticion,requerimiento competencia de otra empresa,solicito cancelación seguro rsa registrado factura gracias atención,,0
peticion,exencion contribucion,solicito continuidad exención contribución,,0
peticion,cambio datos basicos,solicito favor partir éste abril factura siga siendo enviada correo profeaster gmail com muchas gracias atención seguro harán felicidades,,0
peticion,informacion general,solicitud información estudio conexión simplificado generación fotovoltaica clinica ofatalmológica manizales flujo carga archivo pfd modelar circuito digsilent niveles cortocircuito datos cargas consumos nodo calidad potencia aza,,0
peticion,perjuicios por falla en la prestacion del servicio,daño challenger hoy tarde luz volver electrodoméstico funciona pudo adjuntar video pagina deja,,0
peticion,perjuicios por falla en la prestacion del servicio,hoy después suspender energía llegar nuevamente dos televisores presentan rayas pantalla color rosado marca hyundai pulgadas volvió ver mostrar sony,,0
peticion,perjuicios por falla en la prestacion del servicio,mañana marzo altibajos servicio energía restablecerse notamos pilotos tres televisores casa encendían asi mismo lámparas parqueadero habitaciones referencias encienden televisor marca modelo serial rmjfm pulgadas ujg mxrfkt solicitamos revisión caso cuenta funcionando total normalidad,,0
peticion,pago parcial,cordialmente solicito regalen cupón pago factura anterior pude pagarla actual alcanza agradezco atención,,0
peticion,informacion general,solicito revisión contador pues tapa plástica cubre permite técnico hacer lectura clara venido tomando misma viable exterior adjunto foto condiciones encuentra,,0
peticion,suspension o corte del servicio,suspención temporal medidor vivienda desocupada,,0
peticion,exencion contribucion,solicito continuar exoneracion cambio propietario local esquinero varias direcciones realizar visita necesario verificar,,0
peticion,suspension o corte del servicio,suspensión temporal vivienda desocupada,,0
peticion,separacion temporal o pago dirigido,petición objetivo obtener únicamente consumo servicio energia así poder cancelar factura energía tener inconvenientes futuros muchas gracias atención,,0
peticion,separacion temporal o pago dirigido,petición objetivo obtener únicamente consumo servicio energía así poder cancelar factura tener inconvenientes futuros muchas gracias atención segunda primera pudo,,0
peticion,aplicacion beneficio propiedad o venta de activos,transformador encuentra asociado cuenta propiedad requiero pase ser chec agradezco atención,,0
peticion,terminacion del contrato,buenos días solicitud suspensión temporal mutuo acuerdo local comercial dos locales hora solo medidor numero,,0
peticion,exencion contribucion,archivo adjunto contiene rut actualizado documento diligenciado continuidad exoneración contribución energía industriales,,0
peticion,emision de documento para pago,buenas tardes deseo envien factura servicio enrgia llegando podido pagar,,0
peticion,requerimientos entes oficiales o entidades externa,solicitud garantizar servicio congelamiento tarifas cobro intereses energía,,0
peticion,cambio datos basicos,solicito favor cambiar dirección entrega factura entregada siguiente apto conjunto cerrado cipres bella suiza gracias,,0
peticion,requerimiento competencia de otra empresa,respetuosamente solicito exoneración impuesto alumbrado publico inmueble desocupado enero,,0
peticion,exencion contribucion,solicito continuidad exención contribución,,0
peticion,exencion contribucion,adjunto enviamos carta solicitando exencion contribucion dos cuentas,,0
peticion,separacion temporal o pago dirigido,favor organizarme factura precio real pago seguro aparece dicha cancelada solicito amablemente medio enviármela gracias,,0
peticion,devolucion o traslado de saldo a favor,mes marzo realizo doble pago facturas salen cuenta fondos comunes día través aplicación pse nuevamente cheque asi mismo solicito abonado cuentas relacionadas anexos,,0
peticion,exencion contribucion,adjunto rut actualizar beneficio exonerar pago contribucion especial decreto dic,,0
peticion,terminacion del contrato,terminación contrata solicitud propietario causa demolición compra pacifico adjunto paz salvo predial muchas gracias,,0
peticion,cambio datos basicos,solicito hacer cambio datos propietario factura energía inmueble calle casa molinares dosquebradas nombre constructora propietaria adjunto certificado libertad tradición vigente abril,,0
peticion,"trabajos tecnicos en med, trafos, acometidas o en infraestr.",noche hoy notificada vigilante porteria propietaria casa ubicada conjunto campestre reserva alamos fuerte ruido estallido portes ubicados dentro predio servicio energía interrumpido solicitamos chec través funcionarios atendidos impase según radicado marzo radicamos solicitud reubicacion poste ubicado particular anoche evento parece ser quemo pone peligro vida habitantes,,0
peticion,"trabajos tecnicos en med, trafos, acometidas o en infraestr.",petición viene proceso reitera necesidad reubicar infraestructura mal apoyo evento electrico ocrrio mismo marzo,,0
peticion,exencion contribucion,solicito continuidad exención contribución,,0
peticion,emision de documento para pago,número suscriptor numero medidor deseo pagar factura direcciones carrera calle,,0
peticion,cambio de uso,peticion cambio uso motivos emergensia sanitaria covid solicitamos respetuosamente tramite urgente petición mediados marzo decidido suspender actividad comercial manera permanente ademas invocamos emergencia adjunta certificado estratificacion,,0
peticion,exencion contribucion,solicito continuidad exención contribución,,0
peticion,exencion contribucion,envio rut actualizado segun correo solicitan gozar excencion contribucion,,0
peticion,emision de documento para pago,cancelo factura periodo diciembre enero dia marzo nueva llega doble mes necesitamos cancelar saldo corresponde puntos pago reciben distinto pueden generar correcto poder gracias adjunta anterior cancelada,,0
peticion,exencion contribucion,buenas tardes adjunto rut continuidad exoneración contribución,,0
peticion,perjuicios por falla en la prestacion del servicio,daño electrodomésticos horno microhondas domingo abril hora bajones energía segundos internet,,0
peticion,cambio datos basicos,medio presente solicito cambio estrato viene cobrando anexo certificado nomenclatura estratificación expedido secretaria planeación,,0
peticion,cambio datos basicos,solicita realizar cambio estratificación apartamento edificio liborio lopera ubicado cra adjunto certificado,,0
peticion,cambio datos basicos,solicita realizar cambio estratificación apartamento edificio liborio lopera ubicado cra adjunto certificado,,0
peticion,cambio datos basicos,acuerdo certificación estratificación emitida secretaría planeación predio cuál presta servicio número suscripción estrato asignado tres medio bajo adjunto envía realizar ajustes correspondientes gracias,,0
peticion,gestionar financiacion,necesito colaboración financiar factura actual termino cinco meses urge muchas gracias atención,,0
peticion,"trabajos tecnicos en med, trafos, acometidas o en infraestr.",frente casa existe transf constantemente quema fusible causando explosiones sucesivas caídas material esperemos ocurra tragedia caída elementos impacto explosión arreglar situación reportado muchas veces solucionan problema raíz mas debemos esperar,,0
peticion,gestionar financiacion,mediante medio solicito financiación factura luz casa inquilinato gente podido trabajar pagar servicio pues trabajadores independientes,,0
peticion,informacion general,buenas madre sustituta beneficio estrato queda vivia misma dirección piso ahora pase diciembre llegado aun llega hacer pueden grande favor colaboran mil gracias,,0
peticion,gestionar financiacion,solicito pago factura diferido meses encontrarme recursos puedo cumplir,,0
peticion,aplicacion beneficio propiedad o venta de activos,presente fin solicitar entregar red privada propiedad vereda lembo finca santa helena continuación adjunto números postes nódulo circuito cha viene ahí empieza privado puesto varios suscriptores vecinos usan eléctrico dado arreglos hecho últimos días sido cargados factura siendo responsabilidad beneficiados además requiero retiro contador comercial cuento haciendo uso mismo solicito desmonte energía reactiva desmontado industria cafetera anterior resuelva inconveniente mayor brevedad posible,,0
peticion,solicitud constancia lectura,solicitud constancia lectura solo vez entrega control lecturas consecuencia cobro excesivo ultimas dos facturas usuario autoriza respuesta mail,,0
peticion,informacion general,solicito amablemente informacion historica pagos efectuados años motivos poder completar contabilidad gracias,,0
peticion,separacion temporal o pago dirigido,atención asesor remoto página web usuario solicita abonar factura,,0
peticion,gestionar financiacion,cliente solicita financiación pago factura mes abril hotel encuentra funcionamiento covid meses deuda,,0
peticion,cambio datos basicos,solicito cambio propietario predio mil gracias,,0
peticion,informacion general,solicita financiación cuentas,,0
peticion,informacion general,solicita financiación cuentas,,0
peticion,reconexion,usuaria pago solicita reconexión servicio oficio,,0
peticion,exencion contribucion,exoneración contribución energía industriales decreto,,0
peticion,gestionar financiacion,usuario desea finalizar ola financiacion problemas covid pagar acogerse plan automatico empezar junio,,0
peticion,gestionar financiacion,solicito financiamiento factura consumida inquilinos desocuparon pagaron,,0
peticion,condicion especial por solicitud del propietario,señores chec solicitar otorgue única mente ami propietario inmueble total transparencia llegar acuerdo pago recibos domicilio espero pronta respuesta mil gracias att maritza orjuela vega usuario autoriza mail,,0
peticion,gestionar financiacion,favor hagan acuerdo pago recibo pesos abonar muchas gracias usuario autoriza respuesta mail,,0
peticion,gestionar financiacion,permito informar debido emergencia pandemia atravesando mes marzo presente hace imposible cancelar factura ingresos provienen empleos informales familias mayoría perdió aislamiento obligatorio compuestas miembros tercera edad niños adultos anterior ruego tome consideración diferido cuotas dos meses,,0
peticion,terminacion del contrato,buenas tardes favor solicito servicio suspendido calle bajos toda vez alquiler voy alquilar periodo tiempo largo atenta gracias,,0
peticion,requerimiento competencia de otra empresa,solicito corrección factura periodo marzo abril cuenta total impuesto alumbrado público diferencia pesos toda vez periodos anteriores pagado cobro llegó autoriza notificacion correo electronico suministrado,,0
peticion,cambio datos basicos,cambiar nombre propietario colocar cuenta mes abril,,0
peticion,requerimiento competencia de otra empresa,buenas tardes solicito manera amable cancelación seguro sura llega cuenta nombre señor fernando serna muchas gracias,,0
peticion,cambio datos basicos,buenas tardes motivo solicitud cambio direccion aparece recibo energía actualmente reposa calle ori mnz casas fortuna real certificado libertad tradición casa urbanización reposo muchas gracias atención,,0
peticion,requerimientos sspd o sic,superservicios traslada competencia solicitud señor jorge alberto carvajal,,0
peticion,requerimiento competencia de otra empresa,solicito ajustar factura alumbrado público toda vez según acuerdo municipal adjunto consumo kwh cobrar entiendo porqué presente mes cobró,,0
peticion,terminacion del contrato,presente fin solicitar entregar red privada propiedad vereda lembo finca santa helena continuación adjunto números postes nódulo circuito cha viene ahí empieza privado puesto varios suscriptores vecinos usan eléctrico dado arreglos hecho últimos días sido cargados factura siendo responsabilidad beneficiados además requiero retiro contador comercial cuento haciendo uso mismo solicito desmonte energía reactiva desmontado industria cafetera anterior resuelva inconveniente mayor brevedad posible,,0
peticion,cambio datos basicos,usuario solicita corrección dirección factura pronto posible muchas oportunidades llega vivienda incorrecta correcta cra plan polideportivo casa villamaria caldas anexo documento copia predial,,0
peticion,informacion general,generando cobro factura abril marzo mes genere pago dia ahora estan cobrando meses deuda siendo realice normalmente envío fotos facturas pagadas generadas,,0
peticion,reconexion,petición conectar servicio darle uso vivienda,,0
peticion,separacion temporal o pago dirigido,usuaria solicita hacer abono,,0
peticion,informacion general,solicito amablemente puedan suministrar consolidado pagos efectuados años fines poder completar contabilidad gracias pronta respuesta,,0
peticion,perjuicios por falla en la prestacion del servicio,bnas tardes pasa rrayo dia abril accidente quemo televisor,,0
peticion,gestionar financiacion,medio presente solicito diferir cuotas factura nombre noralba restrepo ruiz identificada cedula local comercial ubicado plaza sol cra,,0
peticion,exencion contribucion,hace solicitud continuar exoneración contribución gracias colaboración,,0
peticion,gestionar financiacion,usuario solicita pagar cuota inicial financiar restante meses,,0
peticion,exencion contribucion,exoneración contribución energía industriales decreto,,0
peticion,"trabajos tecnicos en med, trafos, acometidas o en infraestr.",dirigimos usted fin manifestarles preocupación poste ubicado frente última casa cra barrio altos capri pues cada vez inclinado debido templete sostenía encontraba oxidación reventó tal situación retirado tiempo personal chec acudimos colaboración trasladar además anterior perjudica vivienda ubicación anexa foto mención,,0
peticion,separacion temporal o pago dirigido,necesito autorización solo pagar consumos luz factura mes consumo crédito saque muchas gracias,,0
peticion,informacion general,realizó pago misma factura servicio luz dos veces quiero saber saldo queda favor recibo siguiebte mes,,0
peticion,perjuicios por falla en la prestacion del servicio,tormenta eléctrica ocurrida hace pocos días provocó daños equipos electrónicos hogar causa empresa venido hacerle mantenimiento cables barrio solicito urgentemente hagan revisión sucedido,,0
peticion,perjuicios por falla en la prestacion del servicio,día ayer presentó bajón energía debido tormenta eléctrica generó daños siguientes equipos televisores teléfono adjunto imágenes referencias muchas gracias,,0
peticion,cambio datos basicos,solícito realice cambio estrato factura contrato realizo dicha petición basado impuesto predial residencia figura anexo demás servicios públicos,,0
peticion,perjuicios por falla en la prestacion del servicio,semana pasada viernes noche empezaron presentar problemas subida bajada voltaje desembocaron perdida total equipo lavaplatos electrica solicito reposicion dicho parte chec,,0
peticion,devolucion o traslado de saldo a favor,solicitamos reembolso pago doble hicimos ultima factura error pague dos veces misma tal motivo necesitamos reintegro aparece favor momento gracias,,0
peticion,cambio de uso,solicita actualización uso servicio comercial residencial indica billares debido covid cerrar,,0
peticion,separacion temporal o pago dirigido,pago factura turno via web,,0
peticion,perjuicios por falla en la prestacion del servicio,día hoy abril aproximadamente evento sobrecargas sistema eléctrico altibajos corriente potencia misma ocasionó daños dos electrodomésticos residencia televisor teatro casa,,0
peticion,reclamacion extemporanea o agotada la via administ,abuso desmedido parte empresa clientes cada mes suben facturas quieren conviene pretexto gobierno abusivos proceso inconformidad consumo,,0
peticion,perjuicios por falla en la prestacion del servicio,señores chec hoy abril mañana recibí respuesta respecto reclamo hecho día daño hogar electrodoméstico challenger apagón causado mismo sector recuerdo dos veces pasa empresa dañados manifiesta efectivamente suceso hora hacen análisis eventos posibles pudieron pasar momento enoja tratan evadir responsabilidad asumiendo ocurrió pertenecer contador circuito primario llamado ene subestación barrio enea alimenta usuarios pertenece avería equipos usuario hago huso servicios,,0
peticion,"inscripcion, retiro o bloqueo de tarjeta pfs",usuaria manifiesta utilizar tarjeta chec compra portátil pipa dicen bloqueada año dobló mes pasado inconvenientes momento logro poner día ayudarnos quitan beneficios nunca dejado pagar servicio gracia,,0
peticion,separacion temporal o pago dirigido,usuario solicita pago parcial factura trabajo contingencia,,0
peticion,exencion contribucion,buenas tardes adjunto rut actualizado solicitar amablemente continuidad exoneración contribución energía industriales decreto agradezco colaboración quedo atento respuesta recibo notificación correo fredymu gmail com,,0
peticion,gestionar financiacion,solicita financiar facturas indica laborando desea posible meses emergencia covid,,0
peticion,exencion contribucion,exoneración contribución energía industriales decreto,,0
peticion,exencion contribucion,solicitud exención contribución mil gracias,,0
peticion,separacion temporal o pago dirigido,usuario solicita pago parcial factura dejo pagar totalidad pagina web tarjeta crédito asigna ser cargado puede hacer pse,,0
peticion,perjuicios por falla en la prestacion del servicio,solicitud verificación parte chec grupo epm daño dispositivo electrónico computador mesa causa corte energía eléctrica,,0
peticion,perjuicios por falla en la prestacion del servicio,responsable finca nombrado parte arriba usuario aviso falta servicio energía inmediatamente reporta caso restablecido aproximadamente empezar labores ordeño tarde persona tanque enfriamiento leche arranca avisa técnico diagnostica sobrecarga voltaje restablecer según equipos nombran continuación válvula selenoide marca danfoss volt watt arrancador motor hnt amp sonda sensor temperatura nota noche anterior madrugada dia hizo reporte lluvias descargas eléctricas alguna novedad además suspensión mayor zona santagueda día únicamente reparación reclamos daños cau,,0
peticion,gestionar financiacion,usuario solicita pagar cuota inicial financiar restante meses,,0
peticion,perjuicios por falla en la prestacion del servicio,llevo dos meses intentando paguen televisor sobrevoltaje dañó última respuesta dice anexé informe reparación reparable técnico cotizaciones entiendo piden cotización equipo admite,,0
peticion,perjuicios por falla en la prestacion del servicio,anexo cédula ciudadanía complementar documentación soporte reclamo,,0
peticion,perjuicios por falla en la prestacion del servicio,reitero inconformidad respuesta reclamo cómo posible medio cuarentena obligatoria digan cotizaciones deben ser físicas supone dónde obtengo enviado informe técnico oportunismo dicen haberlo recibido anexo copia queja radicada super servicios públicos,,0
peticion,informacion general,favor activar servicio factura cuotas poder cancelar valores determinados,,0
peticion,exencion contribucion,solicito continuidad exención contribución,,0
peticion,gestionar financiacion,usuaria solicita financiación cuota incial saldo cuotas,,0
peticion,exencion contribucion,envía solicitud exención contribución mil gracias,,0
peticion,gestionar financiacion,solicitia financiación meses faturas energía correspondiente cuentas,,0
peticion,emision de documento para pago,favor apoyo envío facturas matrículas relacionadas anexo correo electrónico buzón tigo com copia miriam quiceno gracias archivo instalaciones,,0
peticion,informacion general,solicita financiación factura máximo plazo pueda,,0
peticion,facturacion a la fecha,requiero favor frs correspondientes consumos abril pago junio ahora pueden colaborar agradeceria informaran porqué monto estan,,0
peticion,separacion temporal o pago dirigido,usuario solicita pago parcial cuenta debido contingencia negocio cerrado entradas monetarias,,0
peticion,gestionar financiacion,solicito hacer acuerdo pago pagar solamente mes pasado factura anterior,,0
peticion,pago de la factura de otro usuario,local llegó fac número cuenta contrato pagué ahora correcta pagado solicito devuelvan dinero factura pagó mal abonen adjunta pago,,0
peticion,requerimiento competencia de otra empresa,cobran alumbrado público contamos servicio,,0
peticion,separacion temporal o pago dirigido,solicita pago solo energia,,0
peticion,exencion contribucion,solicitud exención contribución,,0
peticion,informacion general,chec realizan llamada empresa diciendo van hacer cobro reactiva dejada cobrar solicito envíen forma escrita información usuario autoriza respuesta mail,,0
peticion,cambio de uso,solicita cambio clase servicio comercial residencial falta certificado estratificación,,0
peticion,"trabajos tecnicos en med, trafos, acometidas o en infraestr.",través escrito debo manifestarle instalaciones clínica san marcel oncólogos occidente localizada ciudad manizales sector bosque popular venido serie inconvenientes equipos potencia aire acondicionado parecer vienen ocurriendo anormalidades suministro energía comercial tal razón manera atenta permito solicitarle valiosa colaboración fin proceder realizar análisis parte ustedes red requerimos conecte analizador redes base resultado tomar correctivos necesarios,,0
peticion,exencion contribucion,solicitud exención contribución,,0
peticion,gestionar financiacion,factura llegó pagar decreto dice podemos diferir puedo financiar,,0
peticion,devolucion o traslado de saldo a favor,pagué factura aporte hoy llegó mensaje diciéndome vencer entonces accidentalmente solicito favor devolución último monto puesto paga,,0
peticion,terminacion del contrato,retiro cancelacion definitivo medidor luz necesito,,0
peticion,cambio de uso,celular diego frenando solicita cambio uso servicio comercial residencial bajo dos,,0
peticion,emision de documento para pago,usuario solicita factura ultimo mes puesto cancele dos meses anteriores oficinas acá municipio cerradas atención,,0
peticion,perjuicios por falla en la prestacion del servicio,dia hoy abril lunes aqui sector presento fuerte aguacero tormenta electrica apagon tan solo duro segundos rededor tarde despues encendia samsug curvo modelo,,0
peticion,poda de arboles,solicitamos visita debido guadual cuerdas energia puede producir corto radicado,,0
peticion,separacion temporal o pago dirigido,solita pagar solo consumo,,0
peticion,separacion temporal o pago dirigido,usuario solicita pago parcial factura día anterior pudo pagar venció generada,,0
peticion,gestionar financiacion,necesito financiar factura corresponde cancelar mayo laborando emergencia partir agosto cuotas pude,,0
peticion,gestionar financiacion,debido emergencia covid visto dificultades economicas asumir compromisos entidad solicitamos financiacion valores adeudados,,0
peticion,"trabajos tecnicos en med, trafos, acometidas o en infraestr.",solicito cambio poste llame usuario manifiesta torre inclinada presenta peligro instalado medidor,,0
peticion,gestionar financiacion,permito informar debido emergencia pandemia atravesando mes marzo presente hace imposible cancelar factura ingresos provienen empleos informales familias mayoría perdió aislamiento obligatorio compuestas miembros tercera edad niños adultos anterior ruego tome consideración diferido cuotas dos meses,,0
peticion,gestionar financiacion,solicito ayuda financiación factura ingresos hotel restaurante momento,,0
peticion,terminacion del contrato,cierre local voy cancelar servicio pues desocupar comercial,,0
peticion,"trabajos tecnicos en med, trafos, acometidas o en infraestr.",problema predio pasan cuerdas energía exactamente terraza mantienen niños mascota varias oportunidades intentando morderlas solicito visita previa examinen caso den solución,,0
peticion,cambio de uso,solicito cambio uso servicio comercial residencial,,0
peticion,separacion temporal o pago dirigido,elaborar factura marzo incluir plan exequial efectuar pago vencimiento,,0
peticion,separacion temporal o pago dirigido,calcular factura plan exequial aporte voluntario enviarmela urgente cancelarla hacer siempre siguentes facturas,,0
peticion,requerimiento competencia de otra empresa,propietario predio solicita retiro afiliacion funeraria dice tomo seguro inquilino vive,,0
peticion,cambio datos basicos,motivo favor cambiar clase servicio comercial residencial compramos casa hace par años fijamos información ahora ejercemos ninguna actividad adjunta certificado estratificación gracias,,0
peticion,"trabajos tecnicos en med, trafos, acometidas o en infraestr.",usuaria solicito reparación servicio energía relacionado instalación fusibles cajas primarias tener cuenta cañuelas transformador trifásico cargar factura radicados,,0
peticion,requerimientos entes oficiales o entidades externa,personero municipal envía siguiente solicitud señora maria gabriela chica verificando facturación mes abril servicio energía eléctrica incremento inusual frente promedio inmueble así consumo mil pesos mensuales llega unacomo meses febrero marzo factura solicitamos verificar predio relacionado ajustar misma,,0
peticion,exencion contribucion,exoneración contribución energía industriales decreto,,0
peticion,cambio de plazo en la financiacion pfs,cliente solicita alivio covit congelamiento cuotas pfs meses mas,,0
peticion,informacion general,solicita cupon paa pago acorde pactado covid proceso,,0
peticion,poda de arboles,cliente solicita poda arboles red pueden causar peligro,,0
peticion,poda de arboles,reclamar mantenimiento arbol tocando cuerdas primarias pasan contiguas dos casas manifestando leen contadores respuesta pronta intervencion favor,,0
peticion,separacion temporal o pago dirigido,usuario solicita pagar promedio últimas facturas reclamación,,0
peticion,gestionar financiacion,necesito favor forma financiar máximo tiempo ustedes otorgante contingencia mas fracturas lleguen difícil mil gracias,,0
peticion,suspension o corte del servicio,suspensión servicio energia tres meses,,0
peticion,modificar cobros de terceros,hace meses llego factura cobro alumbrado publico solo mes municipio anserma solicito comedidamente expidan nuevo recibo corregido,,0
peticion,perjuicios por falla en la prestacion del servicio,dia rayo quemo televisor,,0
peticion,perjuicios por falla en la prestacion del servicio,presente informar día abril horas tarde tormenta eléctrica ocasionó daños eléctricos televisores muchas gracias atención,,0
peticion,perjuicios por falla en la prestacion del servicio,buenas tardes pasa dia ayer aguacero medio truenos quemo televisor varias casos barrio nuevo horizonte gracias atencion,,0
peticion,perjuicios por falla en la prestacion del servicio,buenas tardes pasa dia ayer aguacero medio truenos quemo televisor nevera varias casas barrio nuevo horizonte gracias atencion,,0
peticion,exencion contribucion,exención contribución,,0
peticion,terminacion del contrato,solicito terminación contrato debido finalización obra adicionalmente necesito enviadas facturas saldos adeudados servicio desconección proceder retiro transformador,,0
peticion,perjuicios por falla en la prestacion del servicio,presente informar día abril horas tarde tormenta eléctrica ocasionó daños eléctricos televisores nevera muchas gracias atención,,0
peticion,perjuicios por falla en la prestacion del servicio,dia ayer presento fuerte aguacero muncipio tormenta electrica dejando resultado quema colectiva electrodomesticos barrio estrato caso particular seme quemo pgd esperamos colavoracion mayoria habitantes escasos recursos,,0
peticion,cambio de uso,solicite cambio uso servicio mediante comunicación informaron debía anexar certificado estratificacion anexo dar tramite positivo solicitud,,0
peticion,terminacion del contrato,dirigimos ustedes ánimo solicitar cancelación servicio energía actualmente prestando carrea encuentra bajo número cuenta misma realiza oficina funcionando dicha dirección lote entregado requieren,,0
peticion,informacion general,solicitan insumos estudio conexión simplificado proyecto energía solar adjunta pdf disponibilidad red potencia,,0
peticion,cambio de uso,solicitud cambiar estrato clase servicio comercial rural residencial minifundio existe actividad mixta agropecuaria artesanal cuenta ninguna mecanizada sólo crían cerdos cultiva plátano banano,,0
peticion,suspension o corte del servicio,suspender temporalmente servicio debido inmueble desocupado,,0
peticion,informacion general,tarifas altas servicio subsidio pesos recibos barrio subsidian recibo aparece cuota energia justifica autoriza envio respuesta correo johngiraldo gmail com,,0
peticion,gestionar financiacion,solicito pago diferido usuario autoriza respuesta mail,,0
peticion,exencion contribucion,cliente solicita continuidad exención contribución cuenta uso comercial,,0
peticion,gestionar financiacion,buenas tarde solicito comedidamente financiación factura debe encontraba desempleada muchas gracias gestión usuario autoriza respuesta mail,,0
peticion,condicion especial por solicitud del propietario,señores chec comunicarles favor bloquear cuenta predio arrendamiento contrato finalizar,,0
peticion,condicion especial por solicitud del propietario,señores chec favor bloquear cuenta predio encuentra alquiler contrato terminar,,0
peticion,gestionar financiacion,calidad arrendataria vivienda ubicada calle barrio palmas solicito amablemente colaboración llegar acuerdo pago usuario autoriza respuesta mail,,0
peticion,gestionar financiacion,requere facilidad dferido facturas periodos marzo,,0
peticion,informacion general,buenas tardes podrian colaborar financiacion factura podria cancelar momento favor enviarme correo lucellydo gmail com codigo casa chancera gracias,,0
peticion,gestionar financiacion,solicitud deferir factura energía adjunto archivo muchas gracias usuario autoriza respuesta mail,,0
peticion,cambio datos basicos,cambio nombre propietario información tramites salir casa favor gracias,,0
peticion,suspension o corte del servicio,presente fin solicitar suspensión definitiva servicios casa actualmente encuentra amenaza ruina proceso demolición,,0
peticion,terminacion del contrato,presente fin solicitar suspensión permanente servicio energía casa encuentra amenaza ruina proceso demolición carrera,,0
peticion,requerimiento competencia de otra empresa,buenas tardes solicitar anulación cobro alumbrado público llega recibo resido específicamente instalaciones entiendo porqué tal gracias,,0
peticion,requerimiento competencia de otra empresa,solicita continuar cobrando seguro sura viene pagando servicio publico cancelo radicado,,0
peticion,gestionar financiacion,buenos días solicitar pago diferido cuenta luz incapacidad total falta empleo gracias,,0
peticion,cambio de uso,solicito cambio uso servicio tarifa comercial residencial dado carga instalada área superior parte adjunta solicitud escrito,,0
peticion,"trabajos tecnicos en med, trafos, acometidas o en infraestr.",informó semana parte contratistas chec encuentran realizando proyecto deben mover líneas eléctricas aún cerca vivienda repetidas ocasiones radicado solicitudes respuestas negativas ustedes reubicación torre igual manera dado cuenta debido nuevo removido torres encontraban predios mayor razón momento recalcamos necesidad reubiquen permitiremos ésto pone riesgo,,0
peticion,gestionar financiacion,buenas tardes solicito amablemente financiación factura podido reunir dinero pagar abrir negocio antemano agradezco colaboración,,0
peticion,"trabajos tecnicos en med, trafos, acometidas o en infraestr.",cliente solicita reemplacen reubique poste predio malas condiciones puede causar peligro,,0
peticion,gestionar financiacion,favor emergencia sanitaria requiero financiada factura mención dificil sitiuación económica comodas cuotas ser cargadas próximas facturas atención prestada mil gracias atentamente josé uriel quesada toro usuario autoriza respuesta mail,,0
peticion,terminacion del contrato,solicito retiro contador numero cuenta encuentra ubicado casa habitantes consumo ninguna clase gracias,,0
peticion,perjuicios por falla en la prestacion del servicio,pasa ayer vinieron técnicos hacer transformador casa incremento energia quemo televisor marca pulgadas entonces necesito tomen cartas asunto digan hace,,0
peticion,cambio datos basicos,solicita cambio suscriptor actualización cedula enviar respuesta correo electrónico almacensupercredito hotmail com,,0
peticion,cambio de uso,cobrando comercial casa adjunta certificado estrato autoriza envio respuesta correo jortizram gmail com,,0
peticion,"trabajos tecnicos en med, trafos, acometidas o en infraestr.",perjuicio ocasionado dos portaletes alero vivienda instalados ángulos sostienen cuerdas luz produjo fracturarán solicitamos repare daño realizado solicitudes radicados ordenes servicio,,0
peticion,gestionar financiacion,favor diferir factura mes abril meses,,0
peticion,pago de la factura de otro usuario,reclamo repartidor facturación entregó trocada factura cuenta pagué vecino número corresponde momento desconozco quién,,0
peticion,"trabajos tecnicos en med, trafos, acometidas o en infraestr.",encima cabaña condominio margaritas anserma pasan líneas alta tensión conducen energía alguna frecuencia presentan cortos generado dos visitas cuadrillas eventual catástrofe pueda presentar allí solicito haga visita técnica fin verificar tomen correctivos,,0
peticion,terminacion del contrato,retirar servicio caida casa,,0
peticion,pago de la factura de otro usuario,chec pedir copia factura asesora dio fijé persona pague ahora reflejada cuenta debo hacer pago reflejado soportes hice equivocada urge respuesta dar solución,,0
peticion,"trabajos tecnicos en med, trafos, acometidas o en infraestr.",solicito retiro linea secundaria fachada predio cerca ventada mirador corriendo riesgo niños,,0
peticion,exencion contribucion,solicitud exención contribución cuenta gracias,,0
peticion,gestionar financiacion,buenas tardes motivo pido ustedes acuerdo pago factura comenzo cuarentena podido trabajar negocio independiente tambien ser adulto mayor años agradezco comprension pronta respuesta,,0
peticion,cambio datos basicos,favor corregir dirección predio aparece factura herrada real carrera américas,,0
peticion,gestionar financiacion,solicita amablemente factura actualidad diferido meses motivo debido emergencia sanitaria covid,,0
peticion,terminacion del contrato,solicito cancelado numero cuenta pertenece local comercial remodelado unió contiguo necesitan dos cuentas mismo,,0
peticion,cambio datos basicos,casa independizo planta baja cuenta medidor cuya dirección correcta debe ser cra piso toscana adjunto certificado nomenclatura,,0
peticion,exencion contribucion,usuario solicita continuidad exención,,0
peticion,terminacion del contrato,buenos días presente solicitud fin iniciar tramite cancelación cuentas motivo demolición predio así cuenta ubicada carrera loc centro local,,0
peticion,terminacion del contrato,buenos días presente solicitud fin iniciar tramite cancelación cuentas motivo demolición predio así cuenta ubicada carrera loc centro local,,0
peticion,poda de arboles,pido favor forma respetuosa pode árbol cerca medidor pues ramas tocando líneas eléctricas luego presentarse daño,,0
peticion,aplicacion beneficio propiedad o venta de activos,atentamente requerimos información relacionada entrega infraestructura eléctrica transformadores propiedad condomio chec condiciones incrementos factura estime conveniente,,0
peticion,poda de arboles,medio presente dirijo ustedes fin solicitar mantenimientos redes ubicadas sec mangos xcasique capacitar número cuenta gestiona consumo ceocal vereda cacique santagueda árboles ramas llueve vientos disparan velas,,0
peticion,cambio de uso,predio denominado manzanares ubicación rural finca dedicada producción leche simplemente refrigera vende hace ningún tipo transformación dicho alimento encuentran instaladas cinco cuentas respectivo contador quisiera saber cuál criterio condiciones usuario uso residencial comercial pues existen comerciales,,0
peticion,informacion general,kilovátio hora sido últimos meses justo ciclo facturación cubierto bajo emergenica económica decretada gobierno subió comuniqué chec aclarar tema explicaron tarifa creg intenté radicar queja aparece disponible entidad querellar decreto emergencia ordena congelar tarifas,,0
peticion,cambio datos basicos,deseo cambiar nombre esposo jesús antonio duque mejía fallecido rosalía valencia leonora argentina equivocada adjunto documentos orientados asesora chec manizales gracias,,0
peticion,devolucion o traslado de saldo a favor,cuenta emiten factura pago mayo pegué cus davivienda sistema cobró suma aparecen aplicados dos pagos solicito reintegrar ahorros dinero descontaron autorización superintendencia servicios públicos,,0
peticion,gestionar financiacion,dirijo area financiera saber manera puedo financiar totalidad deuda acumulada consumo energia quedo atenta pronta respuesta atentamente floralba aristizabal velez cuenta movil usuario autoriza mail,,0
peticion,exencion contribucion,usuario solicita continuidad exención contribución,,0
peticion,terminacion del contrato,atentamente solicitando cancelación servicio urgencia dado demoler predio construcción edificio adjunta documentos constructora ayc nit adquirió,,0
peticion,informacion general,centro médico especialistas solicita expedir partir mes mayo sola factura pro concepto consumos demás rubros susceptibles cobro desarrollo contrato servicios públicos energía eléctrica existente partes relacionado medidores ubicados inmuebles dirección carrera ambos propiedad institución,,0
peticion,informacion general,centro médico especialistas solicita expedir partir mes mayo sola factura pro concepto consumos demás rubros susceptibles cobro desarrollo contrato servicios públicos energía eléctrica existente partes relacionado medidores ubicados inmuebles dirección carrera ambos propiedad institución,,0
peticion,terminacion del contrato,favor terminar contrato suministro energía requiere servicio,,0
peticion,cambio datos basicos,buenas tardes solicitud hago favor actualicen numero cédula registrada sistema código muchas gracias,,0
peticion,terminacion del contrato,cordialmente solicito realizar retiro medidor cuenta ubicado colegio adoratrices bajando fátima nombre universidad caldas fin siga generando cobro concepto alumbrado público,,0
peticion,cambio datos basicos,necesitamos llegue factura cra palermo,,0
peticion,perjuicios por falla en la prestacion del servicio,solicito pqr dañado inconsistencia llegada energía,,0
peticion,terminacion del contrato,solicita inactivación cuenta debido hace años desocupado segundo piso,,0
peticion,gestionar financiacion,solicito financiar factura local cierre cuarentena,,0
peticion,cambio datos basicos,comedidamente permito solicitar bien actualizar datos personales inconsistencia nombre numero cédula nancy socorro llanos mar factura aparece registrada,,0
peticion,perjuicios por falla en la prestacion del servicio,día mayo recibí correo ustedes dando respuesta petición parte según requerimientos veo difícil cumplir condiciones situación actual manifiestan pudo haber daños equipos interrupción servicio programación parece mas practico acertado seria enviar afectados técnicos peritos finalmente darían dictamen afectado enviaría mencionados requieran proceso ant,,0
peticion,perjuicios por falla en la prestacion del servicio,daños reportados según radicado marzo hacer llegar reportes facturas acuerdo respuesta maro,,0
peticion,informacion general,momento solicitar diferentes tarifas cada zona describí correo anterior estratos comercial santagueda arauca margarita lisboa alrededores chinchina represa san fancisco esmeralda ver reclamo podemos hacer,,0
peticion,perjuicios por falla en la prestacion del servicio,partir momento evolución proceso sido absolutamente tórpida pues obstante abril subí página chec radicado informe técnico determina televisor reparable mercado ubica repuesto afectado main board dañada sobrevoltaje igual cotizaciones almacenes cadena grandes superficies bajadas internet dadas condiciones aislamiento actuales ayer respondieron debía anexar precisara necesario reparar cotización arreglo,,0
peticion,pago de la factura de otro usuario,ultima factura inconsistencias monto pagar registro pago hecho total debo sumatoria asi deba mes adjunto facturas dos últimos meses ene feb,,0
peticion,perjuicios por falla en la prestacion del servicio,atendiendo respuesta marzo radicación atención proceso permito adjuntar documentos solicitados,,0
peticion,perjuicios por falla en la prestacion del servicio,referencia nuevo tramite adjunto certificado cuenta ahorros,,0
peticion,perjuicios por falla en la prestacion del servicio,adjunto documento solicitado según referencia radicado,,0
peticion,exencion contribucion,usuario continúa exención industriales,,0
peticion,informacion general,buenas tardes tan amable solicitar facturas predio nombre gyj numero cuenta,,0
peticion,cambio de plazo en la financiacion pfs,amablemente solicito poder refinanciar crédito actualmente compra realice tarjeta epm momento situación capacidad pago mantener obligación pueden contactar fijo quedo atenta mil gracias,,0
peticion,exencion contribucion,solicitud continuidad beneficio tributario exención contribución,,0
peticion,informacion general,buenas tardes permito solicitar certificado conste usuario cuenta servicio energía,,0
peticion,devolucion o traslado de saldo a favor,amablemente solicitamos apoyo trasladar saldo favor cuenta inactiva agrupadora enviará retirar revisión gracias,,0
peticion,exencion contribucion,cliente solicita exención contribución cuenta uso comercial,,0
peticion,informacion general,cliente solicita retiro cobro promedio ultimas facturas,,0
peticion,separacion temporal o pago dirigido,solicitud luz marina muñoz pago dirigido descongelar,,0
peticion,separacion temporal o pago dirigido,solicitud luz marina muñoz pago dirigido descongelar,,0
peticion,cambio datos basicos,buen dia solicitar cambio nombre factura gracias,,0
peticion,"trabajos tecnicos en med, trafos, acometidas o en infraestr.",requiere reubicación retiro poste concreto ubicado cra calle esquina posee red secundaria baja tensión alimenta lampara alumbrado publico anterior debido remodelación ejecutando predio,,0
peticion,condicion especial por solicitud del propietario,miriam rocio yepes garcés identificada pereira dueña predio ubicado bombay iii dosq permito autorizar chec partir otorgue financiación abonos sólo pago total cualquier tipo negociación reparación ser autorizada manera presencial,,0
peticion,informacion general,periodo facturación mes mayo cobrando saldo anterior alumbrado publico ambos montos inconsistente pago servicio encuentra día mora habitual ultimo impuesto,,0
peticion,gestionar financiacion,empleado club manizales contaron stnby sustento proviene allí ahora subsanar responsabilidades empresa debido emergencia solicito acuerdo pago momento reactivacion laboral económica,,0
peticion,gestionar financiacion,señores chec gustavo adolfo aguirre morales manizales dirijo ustedes mediante fig derecho petición pedir financiamiento saldo pendiente factura pues debido contingencia capacidad pago podría ser meses espero cobren interes,,0
peticion,terminacion del contrato,solicito cancelación servicio electrico prestado empresa dicha suscripcion ami nombre numero medidor propietaria residencia deseo seguir,,0
peticion,devolucion o traslado de saldo a favor,factura periodo marzo abril pagó dos veces solicito devolución pago repetido,,0
peticion,requerimiento competencia de otra empresa,medio presente solicito aclarar cobro alumbrado público tan alto canbiar mes casi razón alguna haga aclaración ajuste dicha factura generada quedo atenta muchas gracias,,0
peticion,cambio datos basicos,cambio suscriptor actualmente figura señor carlos alberto buritica ariza gabriel africano chaparro anexo certificado libertad fotocopia cedula copia ultimo recibo gracias,,0
peticion,informacion general,favor colaboración información falla energía municipio marquetalia servicios telefonía móvil tigo día mayo indicando tiempo estimado duración causa eventos labores realizadas,,0
peticion,suspension o corte del servicio,solicito suspensión servicio meses cuenta nombre angel maria saldaña loc central abastos dorada caldas agradeciendo diligencia,,0
peticion,cambio datos basicos,presente quiero solicitar favor cambio nombre suscriptor rolando betancourt henano puesto apartamento ubicado apto conjunto toscana ahora nuevo propietario muchas gracias,,0
peticion,terminacion del contrato,cancelar matricula integrar carga mat nro aledanas ahora mismo propietario,,0
peticion,solicitud constancia lectura,debido aumento parte servicio energía tres meses total pagar aumentó tener cuenta promedio últimos tras consultar nuevo factura mes solicito siga dejando lectura mensual hace funcionario así llevar control consumo,,0
peticion,gestionar financiacion,necesito financiar factura meses beneficio decreto empleo,,0
peticion,requerimiento competencia de otra empresa,usuaria encuentra inconforme incremento cobro alumbrado público anexa oficio,,0
peticion,exencion contribucion,usuario requiere exención contribución,,0
peticion,condicion especial por solicitud del propietario,señores chec favor bloquear cuenta predio encuentra alquiler contrato terminar,,0
peticion,pago parcial,asesor remoto señora mónica lopez desea realizar pago parcial,,0
peticion,informacion general,sucede quiero hace abono factura energía pues dinero cancelarla quisiera saber posible realizar pago parcial cuanto podría ser poder comenzar normalizar deuda quedo atenta muchas gracias atención colaboración luisa pelaez valencia,,0
peticion,terminacion del contrato,cierre restaurante solicito amablemente dar terminado contrato servicio energía posible poder hacer entrega próximo mayo,,0
peticion,terminacion del contrato,adjunto factura cancelación costo retiro medidor fines pertinentes cancelada junio,,0
peticion,exencion contribucion,solicitud exención contribución energía requiero información formato beneficio tributario siempre dicha hacia punto atención supia caldas servicio oficina agradezco colaboración presente,,0
peticion,terminacion del contrato,empresa colombia móvil nit solicita retiro sistema cuentas debido desconecto servicio postes,,0
peticion,perjuicios por falla en la prestacion del servicio,dirijo ustedes fin reclamar daño televisor día marzo presente año cuerdas energía quemo marca,,0
peticion,terminacion del contrato,solicito cancelación retiro medidor debido cierre punto venta tejidos fas centro comercial fundadores,,0
peticion,exencion contribucion,solicitud exención contribución gracias,,0
peticion,informacion general,quisiera saber puedo pagar recibo vencido pues puestos apostar reciben precisamente,,0
peticion,informacion general,presente solicitar niveles cortocircuito trifásicos monofásicos punto conexión red chec cliente pollos bucanero elaboración estudio coordinación protecciones arco eléctrico,,0
peticion,requerimiento competencia de otra empresa,solicito amablemente restablecido alumbrado público cuadra hace mas año funciona necesaria seguridad vecinos agradecemos alguna respuesta hoy presencia técnicos arreglando alumbrados cuadras,,0
peticion,perjuicios por falla en la prestacion del servicio,siguiente carta reporto daños causados electrodomésticos vivienda situada barrio bosque calle producto descarga eléctrica ocurrida día junio alrededor siguientes pérdidas materiales modem wifi marca technicolor modelo reportar daño empresa tigo número radicado además reporta pérdida total computador portátil dell vostro clas ices serie fin obtener solución parte reponer inconveniente oportuno expresar únicas perdidas sector agradeciendo oportuna respuesta,,0
peticion,"trabajos tecnicos en med, trafos, acometidas o en infraestr.",buenos días reclamación posible realizar revisión viene presentando variación tensión afectando equipos empresa motores totalizadores,,0
peticion,terminacion del contrato,terminación contrato orden suscriptor solicitar cancelación servicio,,0
peticion,terminacion del contrato,buenos días presente solicitud fin iniciar tramite cancelación cuentas motivo demolición predio así cuenta ubicada carrera loc centro local,,0
peticion,estado deuda pfs,solicito aclarar cota inicial televisor compre aparece pesos asesor julio villada almacen brilla telefono,,0
peticion,informacion general,revisados consumos requiero claridad debí dividir costo energía registrados medidor encontrando injustificada alza feb marzo pasando anterior conocer soporte legal dicho incremento,,0
peticion,cambio datos basicos,cliente solicita cambio nombre,,0
peticion,suspension o corte del servicio,solicito suspensión temporal servicio,,0
peticion,informacion general,buenas tardes tan amable solicitar facturas predio nombre agropecuaria maquina numero cuenta,,0
peticion,gestionar financiacion,cordialmente solicitamos afectación covid ingresos financiación factura anexa gracias,,0
peticion,condicion especial por solicitud del propietario,sseñores chec solicito bloquear cuenta predio encuentra alquiler contrato terminar,,0
peticion,perjuicios por falla en la prestacion del servicio,presenta fluctuacion casi permanente voltaje incrementa noche nevera daño motivo,,0
peticion,suspension o corte del servicio,solicito suspensión temporal servicio,,0
peticion,gestionar financiacion,panadería deuda actual casi deseo ser atendida área financiera llegar aun acuerdo pagos línea telefónica imposible comunicación gracias,,0
peticion,cambio datos basicos,solicita cambio estrato facturación dado residencia factura aparece genera inconvenientes permite tener descuento consiguiente llega cara,,0
peticion,terminacion del contrato,solicitud anulación cancelación sistema contrato anexado numero cuenta según medidor descrito físicamente retirado,,0
peticion,suspension o corte del servicio,solicito suspensión servicio meses cuenta nombre irene molina acosta dirección loc central abastos dorada caldas,,0
peticion,gestionar financiacion,tratando solicitar acuerdo pago saldos pendientes dejado dos veces teléfono mas minutos contactado persona pueda dar información quedo atenta muchas gracias,,0
peticion,devolucion o traslado de saldo a favor,permitimos solicitar cancelación facturas nombre construcciones amatista saldo favor cuenta numero actualmente siguientes cuentas adjuntan muchas gracias dctos adjuntos,,0
peticion,traslado de deuda,permitimos solicitar cancelación facturas nombre construcciones amatista saldo favor cuenta numero actualmente siguientes cuentas adjuntan,,0
peticion,traslado de deuda,permitimos solicitar cancelación facturas nombre construcciones amatista saldo favor cuenta numero actualmente siguientes cuentas adjuntan,,0
peticion,traslado de deuda,permitimos solicitar cancelación facturas nombre construcciones amatista saldo favor cuenta numero actualmente siguientes cuentas adjuntan,,0
peticion,traslado de deuda,permitimos solicitar cancelación facturas nombre construcciones amatista saldo favor cuenta numero actualmente siguientes cuentas adjuntan,,0
peticion,traslado de deuda,permitimos solicitar cancelación facturas nombre construcciones amatista saldo favor cuenta numero actualmente siguientes cuentas adjuntan,,0
peticion,traslado de deuda,permitimos solicitar cancelación facturas nombre construcciones amatista saldo favor cuenta numero actualmente siguientes cuentas adjuntan,,0
peticion,traslado de deuda,permitimos solicitar cancelación facturas nombre construcciones amatista saldo favor cuenta numero actualmente siguientes cuentas adjuntan,,0
peticion,traslado de deuda,permitimos solicitar cancelación facturas nombre construcciones amatista saldo favor cuenta numero actualmente siguientes cuentas adjuntan,,0
peticion,traslado de deuda,permitimos solicitar cancelación facturas nombre construcciones amatista saldo favor cuenta numero actualmente siguientes cuentas adjuntan,,0
peticion,traslado de deuda,permitimos solicitar cancelación facturas nombre construcciones amatista saldo favor cuenta numero actualmente siguientes cuentas adjuntan,,0
peticion,traslado de deuda,permitimos solicitar cancelación facturas nombre construcciones amatista saldo favor cuenta numero actualmente siguientes cuentas adjuntan,,0
peticion,traslado de deuda,permitimos solicitar cancelación facturas nombre construcciones amatista saldo favor cuenta numero actualmente siguientes cuentas adjuntan,,0
peticion,traslado de deuda,permitimos solicitar cancelación facturas nombre construcciones amatista saldo favor cuenta numero actualmente siguientes cuentas adjuntan,,0
peticion,traslado de deuda,permitimos solicitar cancelación facturas nombre construcciones amatista saldo favor cuenta numero actualmente siguientes cuentas adjuntan,,0
peticion,traslado de deuda,permitimos solicitar cancelación facturas nombre construcciones amatista saldo favor cuenta numero actualmente siguientes cuentas adjuntan,,0
peticion,traslado de deuda,permitimos solicitar cancelación facturas nombre construcciones amatista saldo favor cuenta numero actualmente siguientes cuentas adjuntan,,0
peticion,traslado de deuda,permitimos solicitar cancelación facturas nombre construcciones amatista saldo favor cuenta numero actualmente siguientes cuentas adjuntan,,0
peticion,traslado de deuda,permitimos solicitar cancelación facturas nombre construcciones amatista saldo favor cuenta numero actualmente siguientes cuentas adjuntan,,0
peticion,traslado de deuda,permitimos solicitar cancelación facturas nombre construcciones amatista saldo favor cuenta numero actualmente siguientes cuentas adjuntan,,0
peticion,traslado de deuda,permitimos solicitar cancelación facturas nombre construcciones amatista saldo favor cuenta numero actualmente siguientes cuentas adjuntan,,0
peticion,traslado de deuda,permitimos solicitar cancelación facturas nombre construcciones amatista saldo favor cuenta numero actualmente siguientes cuentas adjuntan,,0
peticion,traslado de deuda,permitimos solicitar cancelación facturas nombre construcciones amatista saldo favor cuenta numero actualmente siguientes cuentas adjuntan,,0
peticion,traslado de deuda,permitimos solicitar cancelación facturas nombre construcciones amatista saldo favor cuenta numero actualmente siguientes cuentas adjuntan,,0
peticion,traslado de deuda,permitimos solicitar cancelación facturas nombre construcciones amatista saldo favor cuenta numero actualmente siguientes cuentas adjuntan,,0
peticion,traslado de deuda,permitimos solicitar cancelación facturas nombre construcciones amatista saldo favor cuenta numero actualmente siguientes cuentas adjuntan,,0
peticion,traslado de deuda,permitimos solicitar cancelación facturas nombre construcciones amatista saldo favor cuenta numero actualmente siguientes cuentas adjuntan,,0
peticion,traslado de deuda,permitimos solicitar cancelación facturas nombre construcciones amatista saldo favor cuenta numero actualmente siguientes cuentas adjuntan,,0
peticion,traslado de deuda,permitimos solicitar cancelación facturas nombre construcciones amatista saldo favor cuenta numero actualmente siguientes cuentas adjuntan,,0
peticion,traslado de deuda,permitimos solicitar cancelación facturas nombre construcciones amatista saldo favor cuenta numero actualmente siguientes cuentas adjuntan,,0
peticion,traslado de deuda,permitimos solicitar cancelación facturas nombre construcciones amatista saldo favor cuenta numero actualmente siguientes cuentas adjuntan,,0
peticion,traslado de deuda,permitimos solicitar cancelación facturas nombre construcciones amatista saldo favor cuenta numero actualmente siguientes cuentas adjuntan,,0
peticion,traslado de deuda,permitimos solicitar cancelación facturas nombre construcciones amatista saldo favor cuenta numero actualmente siguientes cuentas adjuntan,,0
peticion,traslado de deuda,permitimos solicitar cancelación facturas nombre construcciones amatista saldo favor cuenta numero actualmente siguientes cuentas adjuntan,,0
peticion,traslado de deuda,permitimos solicitar cancelación facturas nombre construcciones amatista saldo favor cuenta numero actualmente siguientes cuentas adjuntan,,0
peticion,traslado de deuda,permitimos solicitar cancelación facturas nombre construcciones amatista saldo favor cuenta numero actualmente siguientes cuentas adjuntan,,0
peticion,traslado de deuda,permitimos solicitar cancelación facturas nombre construcciones amatista saldo favor cuenta numero actualmente siguientes cuentas adjuntan,,0
peticion,traslado de deuda,permitimos solicitar cancelación facturas nombre construcciones amatista saldo favor cuenta numero actualmente siguientes cuentas adjuntan,,0
peticion,traslado de deuda,permitimos solicitar cancelación facturas nombre construcciones amatista saldo favor cuenta numero actualmente siguientes cuentas adjuntan,,0
peticion,traslado de deuda,permitimos solicitar cancelación facturas nombre construcciones amatista saldo favor cuenta numero actualmente siguientes cuentas adjuntan,,0
peticion,gestionar financiacion,medidor numero debo pagar factura pesos solicito ustedes saldo diferido meses decir mensuales favor contactarme,,0
peticion,gestionar financiacion,necesito financiar factura motivo ingresos casa disminuyeron situación encuentra país dinero completo cumplir pago servicio energía,,0
peticion,informacion general,favor revisar fra enviada pagar mayo dicen descuento ves restar suman pague mes pasado línea dice saldo diferir espero pronta respuesta corrección proceder pago usuario autoriza mail,,0
peticion,terminacion del contrato,solicita retiro definitivo servicio energía cra cll manizales terminación contrato nombre consorcio santo domingo nit obra finalizo ende transformador lugar dirección existe empresa,,0
peticion,terminacion del contrato,requiere cancelar retirar servicio energía eléctrica,,0
peticion,terminacion del contrato,requiere cancelar retirar servicio energia local,,0
peticion,terminacion del contrato,requiere cancelar retirar servicio energia local,,0
peticion,terminacion del contrato,requiere cancelar retirar servicio energía local,,0
peticion,terminacion del contrato,requiere cancelar retirar servicio energía local,,0
peticion,terminacion del contrato,requiere cancelar retirar servicio energía local,,0
peticion,terminacion del contrato,requiere cancelar retirar servicio energía local,,0
peticion,poda de arboles,eucalipto metros altura últimos meses inclinando peligrosamente dirección transformador vereda aserradores atreven tocarlo piden chec debe hacer gracias,,0
peticion,condicion especial por solicitud del propietario,señores chec solicito bloquear cuenta predio encuentra alquiler contrato terminar,,0
peticion,terminacion del contrato,medio presente solicito nuevamente cancelación servicio energía cuenta mes marzo encuentra uso predio anexo solicitud,,0
peticion,solicitud constancia lectura,buena noche solicito favor momento hacer lectura entregue desprendible colilla dicha funcionarios encargados dejan entendido deber gracias atención,,0
peticion,cambio datos basicos,maria helena ocampo restrepo actual propietaria finca asturias ubicada vereda leona solicito ustedes comedidamente siguiente cambio factura energia propietario anexo certificado tradicion propiedad verificacion estracto,,0
peticion,requerimiento competencia de otra empresa,quiero reportar daño lámpara pública toda esquina vivienda presente agravio dentro afecta exterior seguridad sector oscuro solicito ustedes revisión reparación,,0
peticion,devolucion o traslado de saldo a favor,puedo hacer pague dos veces mes junio primer pago segundo pse sistema recibió tomar contribución solicitado,,0
peticion,exencion contribucion,usuario solicita exención contribución,,0
peticion,cambio datos basicos,buenos días favor cambiar suscriptor cuenta nombre jairo barco patiño adjunto escritura pública certificado tradición factura energía gracias,,0
peticion,gestionar financiacion,mercurio buenas tardes deseo saber cómo puedo realizar financiación factura energía tratado comunicarme líneas telefónicas aparecen recibo responden quisiera hacer cancelar continuación anexo foto,,0
peticion,condicion especial por solicitud del propietario,solicito respetuosamente propietario inmuebles continuación entrare describir admita pago parcial cuotas fraccionado facturas servicios públicos contrario siempre exija oportuno completo,,0
peticion,modificacion de infraestructura por incumplimiento,reitero solicitud ubicación templete referida documento adjunto adicionalmente quisiera saber procedimiento cambiar nombre titular aparece factura,,0
peticion,perjuicios por falla en la prestacion del servicio,reposición daño samsung smart bajones energía hoy junio herramienta estudio entretenimiento momentos confinamiento,,0
peticion,informacion general,inconformes costo energía últimos meses debido solo habitamos personas consumo mínimo noches bombillos prendemos hornillas eléctricas duchas crea proceso respuesta informativa dada usuaria mediante,,0
peticion,normalizar instalacion,buenas tardes comedidamente solicito revisión contador dado ultima lectura funcionario chec dice funciona bien aclarar predio solo octubre inicio construcción febrero debido coyuntura actual termina,,0
peticion,direccion incorrecta,solicito corrija dirección factura debido registra barrio ferias andes anexo boletín nomenclatura debe ingresar cambio,,0
peticion,gestionar financiacion,causa confinamiento llegue vivir casa mayores años evidenciando factura vencida mas meses verdad hacer iniciar pagar podamos tener posibilidad acuotas bajas contamos loa recursos suficientes,,0
peticion,emision de documento para pago,dirijo ustedes medio siendo único habilitado comunicarles pesar llamado insistentemente línea sugerida generada nueva factura zona financiamiento nunca atienden llamada hago dorada caldas abierto única oficina existente podido pagar promedio sugerido respuesta continuar proceso,,0
peticion,requerimiento competencia de otra empresa,oficio anexo cliente solicita retiro seguro,,0
peticion,requerimiento competencia de otra empresa,buenos dias solicito manera comedida vez informe procedimiento seguir retirarme seguro cobran factura presta ningún beneficio nadie razón tristez adquirirlo solo llamada vasta retirarse odisea,,0
peticion,"trabajos tecnicos en med, trafos, acometidas o en infraestr.",solicitud carácter urgente revisión torre eléctrica mal porqué energía tan deficiente vivienda transformador metros gracias atención prestadas,,0
peticion,requerimiento competencia de otra empresa,inconformidad cobro aplicado factura nombre productos rsa seguros adjunto oficio,,0
peticion,terminacion del contrato,suspensión temporal servicio energía eléctrica debido emergencia covid,,0
peticion,exencion contribucion,adjunto rut fin solicitar exención contribución industriales,,0
peticion,exencion contribucion,usuario continúa exención,,0
peticion,requerimiento competencia de otra empresa,recibo llega cobro seguro sura mes solicitado ningún momento deseo retire factura,,0
peticion,"trabajos tecnicos en med, trafos, acometidas o en infraestr.",debo cambiar techo hogar pues debilitando infraestructura filtraciones hacerlo debe ejercitar correctamente espacio legal deben tener postes luz cosa cumple hace ochos años ubicaron poniéndonos riesgo,,0
peticion,informacion general,buenas tardes hagan favor retirar usuaria maria nelcy londoño orozco seguro risa ahora sura llegar factura solo llegue cobro consumo igual municipio belen secretaria venia haciéndolo manualmente cada mes,,0
peticion,exencion contribucion,solicitud exención contribución,,0
peticion,devolucion y/o copia de documentos,solicita todas facturas año enero diciembre,,0
peticion,gestionar financiacion,observaciones buenas tardes requiero financiar saldo adeudado éste predio demás siguientes,,0
peticion,cambio datos basicos,actualizacion datos apellidos mal editados,,0
peticion,cambio datos basicos,solicitar cambio nombre facturas diciembre actual propietaria agradezco colaboración atención prestada,,0
peticion,valores congelados,deja saldo revisión sspd falle recurso apelación,,0
peticion,"trabajos tecnicos en med, trafos, acometidas o en infraestr.",peticionario seguridad solicita desconexion medidor puede caer alero,,0
peticion,poda de arboles,requiere mantenimiento guadas estan rodeando conjunto varias infraestructura suministra flujo electrico representa grandes riesgos,,0
peticion,"trabajos tecnicos en med, trafos, acometidas o en infraestr.",afuera casa encuentra cableado eléctrico pegado ventanas solicito retirado evitar accidentes ver adjunto,,0
peticion,exencion contribucion,usuario continua exención contribución,,0
peticion,perjuicios por falla en la prestacion del servicio,buenas tardes siendo aproximadamente mañana día junio fluido eléctrico regresando inmediatamente izo disparar breaks regreso energía subimos televisor bombillería funcionaron correctamente menos nevera,,0
peticion,informacion general,quiero solicitar ayuda casa guatica risaralda carrera barrio gamunrra hora voy varias partes recibo chec reciben tulua valle favor numero cuenta debo pagado,,0
peticion,cambio datos basicos,solicita cambio nombre instalaciones apt loc sotano oficio anexo,,0
peticion,cambio datos basicos,buenas noches requiero favor cambio titular cuenta adjunto factura debe quedar nombre documentos quedo atenta claudia maritza gutiérrez saavedra tel solicitud errada,,0
peticion,informacion general,llego factura menos pongo pagar sale server error voy pago recaudo web digito dice encontraron facturas fechas vencimiento validas llega fisica medio muestra,,0
peticion,valores congelados,congelan sumas objeto reclamación sspd falle recurso,,0
peticion,informacion general,buenas noches propiedad calle vendida diciembre escriben invama señor debe facturas alumbrado deseo cambiar nombre propietario problema sitio tres apartamentos local comercial persona informo cuentas,,0
peticion,exencion contribucion,usuario continúa exención,,0
peticion,exencion contribucion,usuario solicita exención contribución,,0
peticion,informacion general,forma pago ingresos trabajose cancela error ingreso,,0
peticion,informacion general,donación transformador lineas transmisión eléctrica finca america,,0
peticion,terminacion del contrato,proceso inicial dctos pago retiro definitivo,,0
peticion,terminacion del contrato,propietaria predio mas adelante relacionará permito solicitarle cancelación servicios públicos energía demás conceptos competencia inmuebles ubicados carrera piso barrio san joaquin numero cuenta cuales encuentran nombre señor pedro nel lópez anterior empezarán adelantar trámites demoler inmueble ocasión deterioro encuentra hace necesario prestación dicho servicio público parte ustedes atención dicha solicitud agradezco indique siguiente ocasionará genera algún costo mismo administrativos deben entidad,,0
peticion,terminacion del contrato,proceso inicial dctos pago retiro definitivo,,0
peticion,condicion especial por solicitud del propietario,solicito cuenta nombre conceda ningun tipo plazo acuerdo pago citado predio encuentra bajo proceso desalojo sere solidario inquilino deudor adeuda meses servicio,,0
peticion,informacion general,amablemente permito solicitar refinanciación factura energía razón debido emergencia generada covid ingresos visto reducidos considerablemente agradezco atención prestada solicitud,,0
peticion,perjuicios por falla en la prestacion del servicio,hoy cra calle encontraban funcionarios chec realizando trabajos movieron líneas energía momento conectaron quemándose televisor marca samsung volvió funcionar solicito reposición tvs cualquier cita concertar teléfono,,0
peticion,"trabajos tecnicos en med, trafos, acometidas o en infraestr.",solicito retirar cableado luz pegado fachada casa segundo piso toda vez pienso realizar reforma,,0
peticion,perjuicios por falla en la prestacion del servicio,descarga eléctrica junio daña electrodomésticos,,0
peticion,cambio datos basicos,observaciones solicito realice cambio suscriptor servicio ubicado calle suscripción actualmente nombre lucila posada jurado fallecimiento realizó sucesión posterior proceso compra inmueble actual propietaria realizo solicitud anexos,,0
peticion,terminacion del contrato,buenas tardes solicito retirar contador ubicado centro médico santa elena cra consultorio manizales caldas gracias,,0
peticion,"trabajos tecnicos en med, trafos, acometidas o en infraestr.",agradezco puedan colaborar entra energía contador caja tacos indican debe atender chec sellado permite manipularlo quedo atento,,0
peticion,informacion general,cliente escribe travez pagina web dar inofmacion motivo misma,,0
peticion,terminacion del contrato,solicita retiro cuenta unificación,,0
peticion,informacion general,destino invama solicito relacion pqgos alumbrado publico agosto abril,,0
peticion,perjuicios por falla en la prestacion del servicio,enviando documentos pidieron según respuesta solicitud numero mayo pido reponga lavavajillas eléctrica averió irreversiblemente alteración flujo energía casa,,0
peticion,gestionar financiacion,solicitud alivio económico factura pagar totalidad cuota inicial financiar restante agradezco pronta respuesta,,0
peticion,cambio de uso,solicitando certificado estrato cambio uso casa compre hace meses desocupada inhabitable locales comerciales agradezco atención prestada,,0
peticion,valores congelados,deja saldo revisión sspd falle recurso apelación,,0
peticion,gestionar financiacion,acogerme alivio económico financiar factura dando cuota inicial totalidad restante,,0
peticion,gestionar financiacion,solicitud alivio económico factura pagar totalidad cuota inicial financiar restante,,0
peticion,perjuicios por falla en la prestacion del servicio,buenas tardes hoy efectue requerimiento andrea roldan chec aproximadamente tormenta rayos fundieron plasma pulgadas smart,,0
peticion,perjuicios por falla en la prestacion del servicio,mediante carta respetuosamente pretensión desea elevar indemnización perjuicios ocasionados daños mencionados anteriormente arreglo cambio mismos cuales daño funcionaban plenamente,,0
peticion,exencion contribucion,continua exención contribución,,0
peticion,perjuicios por falla en la prestacion del servicio,día después suspender servicio energía eléctrica llegar nuevamente dos televisores presentaron rayas pantallas marca hyundai pulgadas sony dado solución reportado consecutivo,,0
peticion,requerimiento competencia de otra empresa,favor retirar cobro rsa seguros mes podido conseguirlo comunicandome sura,,0
peticion,terminacion del contrato,proceso inicial retiro definitivo realizo pago jun conexos,,0
peticion,devolucion o traslado de saldo a favor,buenos días vengo pagando factura internet mes julio sistema registra dos cada cuenta aporte covid fije equivocación paqué queda excedente registran pago agosto hago,,0
peticion,terminacion del contrato,solicito cancelacion definitiva cuenta predio propiedad constructora salazar nit ser demolido,,0
peticion,poda de arboles,solicito amablemente realice visita técnica parte ustedes predio ubicado barrio topacio dirección cra ciudad manizales debido vivienda cableado eléctrico pasa encuentran riesgo inminente caída árboles,,0
peticion,valores congelados,congela saldo sspd falle recurso apelación,,0
peticion,gestionar financiacion,cobro total materiales proceso,,0
peticion,perjuicios por falla en la prestacion del servicio,vivienda presenta salida energía encima tomas genera daño electrodoméstico anexo facturas cobro mencionado solicitando reintegrado dichos valores,,0
peticion,perjuicios por falla en la prestacion del servicio,enviando información solicitada chec comunicado mediante marzo ref respuesta radicado,,0
peticion,informacion general,necesito numero respaldo dia junio aprox presento micro corte energia duro piden trabajo seria tan amable muchas gracias,,0
peticion,informacion general,favor enviar pagos hechos año,,0
peticion,gestionar financiacion,manera mas atenta solicito cobrando factura medidor concepto cuota servicios gravado diferidos cuotas difieran solo,,0
peticion,reconexion,pedir reconexion servicio,,0
peticion,informacion general,solicito informen cobro congelados última factura año realizado pago todas facturas energía predio,,0
peticion,exencion contribucion,continúa exención industriales,,0
peticion,informacion general,buenas tardes factura mes llegó saldo diferir correcto cancele pasada totalidad día,,0
peticion,exencion contribucion,solicitud exención contribución,,0
peticion,cambio datos basicos,solicito cambiar dirección postal llegando factura cra colseguros condominio san sebastián lote manizales adjunto certificado tradición predio,,0
peticion,exencion contribucion,usuario continúa exención industriales,,0
peticion,informacion general,buenas tardes solicito amablemente insumos estudio conexión simplificado sistema solar fotovoltaico agpe proyecto unidad productiva sinaí potencia kva,,0
peticion,gestionar financiacion,solicitar financiación saldo pendiente pagar cuenta posible cuotas quedo mil gracias,,0
peticion,exencion contribucion,solicita continuidad exención contribución,,0
peticion,informacion general,solicito comedidamente favor exonerarme cobro efectuando predio mención correspondiente concepto contribución activa encontrarme lucro cesante toda vez local desocupado arrendatario omitió pago facturas debo asumir,,0
peticion,requerimiento competencia de otra empresa,comprendo termino impuesto alumbrado publico devenga cambiado últimos tres mes junio,,0
peticion,descongelados covid-19,buenos dias necesito pagar saldo pendiente factura abril cancele motivos falta dinero pandemia ahora cuento quiero difieran requiero cupon pago cancelarla gracias,,0
peticion,separacion temporal o pago dirigido,solicitar pago aurora gracias,,0
peticion,cambio datos basicos,buenas tardes solicito favor cambiar dirección entrega siguiente factura suscriptor entregada mismo predio agradezco atención presente,,0
peticion,devolucion o traslado de saldo a favor,pago doble factura debita automaticamente banco pagada davivienda,,0
peticion,valores congelados,deja saldo reclamación sspd resuelva recurso apelación,,0
peticion,cambio datos basicos,buenas tardes solicito favor realizar cambio suscriptor factura llegue nombre muchas gracias,,0
peticion,valores congelados,deja saldo revisión sspd resuelva recurso apelación,,0
peticion,valores congelados,congela valores objeto reclamación sspd falle recurso apelación,,0
peticion,perjuicios por falla en la prestacion del servicio,usuario requeire reconocimiento daño ocurriodo electrodomestico ocurrido debdio bajon energia pues refire amanere abril encer play station funcionó,,0
peticion,informacion general,buenas noches espero maravilloso día situacion factura anexada aparece numero estrato pertenece inmueble requieren anexar papeles inscripción agradeceria ayduaran tramite muchas gracias feliz,,0
peticion,cambio datos basicos,solicito cambio estrato dirección cdm colinas cafe casa cuenta única presenta tan alto dentro condominio espero pronta solución,,0
peticion,requerimiento competencia de otra empresa,quisiera saber empresa pagando servicio funerario puedo obtener certificado mismo,,0
peticion,perjuicios por falla en la prestacion del servicio,proceso radicado solicita cedula cidudadania certificacion bancaria debido pago,,0
peticion,cambio datos basicos,observaciones solicitar cambio nombre viene factura actualmente llega guillermo valencia debe cambiar carlos mario ocampo ahora actual dueño adjunto escritura nuevos dueños solo piso dos gracias,,0
peticion,separacion temporal o pago dirigido,paga aporte voluntario,,0
peticion,cambio datos basicos,ctas adicionales mismo predio saludo cordial medio presente petición solicitando comedidamente revisada modificada información estratificación socioeconómica inmueble propiedad estrato gracias,,0
peticion,cambio datos basicos,solicito respetuosamente cambio nombre persona registra propietario inmueble recibo energía toda vez casa adquirí hace dos año medio,,0
peticion,exencion contribucion,continúa exención industriales,,0
peticion,"trabajos tecnicos en med, trafos, acometidas o en infraestr.",acuerdo prácticas ambientales chec prevención contaminación fortalecer cultura ambiental solicito retiren medidores poste prado parque caldas cra calle reubiquen tablero eléctrico contaminar visual anexa foto,,0
peticion,perjuicios por falla en la prestacion del servicio,debido cortes inesperados antibajos dias quemó reguladores daños alimentos perecederos carne lácteos pues mucha demora restablecer servicio historial pueden dar cuenta inumerables reportes quejas,,0
peticion,exencion contribucion,usuario solicita exención contribución,,0
peticion,informacion general,buenas tardes solicito comedidamente planos electricos certificacion onac consultorio ubicado edificio portal cable torre empresarial muchas gracias,,0
peticion,cambio datos basicos,solicitud cambio nombre cliente factura,,0
peticion,"trabajos tecnicos en med, trafos, acometidas o en infraestr.",problemas tensión energía eléctrica voltaje llegando establecimiento voltios máquinas par refrigeración bajo presenta presentando mismas,,0
peticion,exencion contribucion,usuario continúa exención,,0
peticion,devolucion o traslado de saldo a favor,proceso cliente solicito retiro definitivo instalación nombre pago cuenta pertenece pudo retirar solicita reintegre,,0
peticion,gestionar financiacion,cobro total materiales proceso inicial,,0
peticion,devolucion o traslado de saldo a favor,escribo realizamos doble pago mes junio queríamos saber hacen reembolso abona próximo adjunto comprobantes,,0
peticion,informacion general,mes abril llego factura meses solicite poder pagar solo alcanzaba pague significa quede saldo promedio siguiente llega entiendo,,0
peticion,requerimiento competencia de otra empresa,quisiera frente casa instalaran lampara alumbrado publico oscuro noches attention mil gracias,,0
peticion,informacion general,quisiera saber llega recibo descuento pago oportunamente favor colabora gracias,,0
peticion,informacion general,solicito favor posible facturar recibo presente mes factura mayo vencida pago actual cobrando dos meses alumbrado público,,0
peticion,descongelados covid-19,buen dia debido coyuntura covid pague facturas saldo diferir requiero pagar dicho solo pago agradezco envien correo formato incluyendo concepto mil gracias atencion,,0
peticion,poda de arboles,lote número condominio campestre margaritas vereda perla cambia municipio anserma existen guaduales crecido tocando redes tramo red primaria ocasiona cortos circuitos dejando sector energía solicitamos comedidamente acompañamiento realizar poda guadual caso ser trabajo particular favor enviar cotización indicarnos procedimiento debemos seguir,,0
peticion,perjuicios por falla en la prestacion del servicio,daño decodificador voltaje eléctrico funcionan ambos,,0
peticion,gestionar financiacion,momento cuento dinero efectuar reparaciones locativas pagos dependientes motivo crisis producida covid anterior pongo consideración algún acuerdo tipo descuento especial ponerme día ustedes leer oficio,,0
peticion,informacion general,junio pague factura medio electrónico cus nueva llego acumulada deseo pagar electrónicamente equivocado necesito corrección hacer pago gracias,,0
peticion,exencion contribucion,reiteradas oportunidades solicitado personalmente instalaciones chec favor exoneren contribución entidad ánimo lucro propiedad horizontal pronunciamiento alguno respecto siguen haciéndonos cobro,,0
peticion,cambio datos basicos,solicitud cambio nombre factura llega propietario anterior adjunto certificado libertad tradición fotocopia cedula autorizo luz,,0
peticion,requerimiento competencia de otra empresa,solicitar corresponda aparir siga cobrando alumbrado publico debido resido vereda angosturas predio cerca presenta entiendo cobro espero solución pronta problema,,0
peticion,informacion general,buenas noches solo quisiera saber mes pasado impuesto alumbrado publico pesos subió,,0
peticion,gestionar financiacion,solicito amablemente financiación factura mes generada junio número cuenta encuentro condiciones económicas pagar totalidad tampoco quiero siga acumulando saldo congelado,,0
peticion,separacion temporal o pago dirigido,buenas tardes necesito favor pagar cuotas mes pasado celular impresora,,0
peticion,perjuicios por falla en la prestacion del servicio,reclamo pérdida equipo electrónico consecuencia falla servicio energía junio noche,,0
peticion,informacion general,buenos días solicito reporte pago año apto reportes contabilidad muchas gracias,,0
peticion,"trabajos tecnicos en med, trafos, acometidas o en infraestr.",alguien reportado noche ayer presentando interrupciones seguidas fluido eléctrico solo generar daños pido comedidamente solución dicha dificultad gracias,,0
peticion,exencion contribucion,exoneración contribución energía industriales decreto indalpac sas fabrica chorinanos adjunta rut continuidad,,0
peticion,devolucion o traslado de saldo a favor,permitimos solicitar cancelación facturas nombre construcciones amatista saldo favor cuenta numero actualmente cuentas relacionan adjunto muchas gracias,,0
peticion,traslado de deuda,permitimos solicitar cancelación facturas nombre construcciones amatista saldo favor cuenta numero actualmente cuentas relacionan adjunto muchas gracias,,0
peticion,traslado de deuda,permitimos solicitar cancelación facturas nombre construcciones amatista saldo favor cuenta numero actualmente cuentas relacionan adjunto muchas gracias,,0
peticion,traslado de deuda,permitimos solicitar cancelación facturas nombre construcciones amatista saldo favor cuenta numero actualmente cuentas relacionan adjunto muchas gracias,,0
peticion,traslado de deuda,permitimos solicitar cancelación facturas nombre construcciones amatista saldo favor cuenta numero actualmente cuentas relacionan adjunto muchas gracias,,0
peticion,traslado de deuda,permitimos solicitar cancelación facturas nombre construcciones amatista saldo favor cuenta numero actualmente cuentas relacionan adjunto muchas gracias,,0
peticion,traslado de deuda,permitimos solicitar cancelación facturas nombre construcciones amatista saldo favor cuenta numero actualmente cuentas relacionan adjunto muchas gracias,,0
peticion,traslado de deuda,permitimos solicitar cancelación facturas nombre construcciones amatista saldo favor cuenta numero actualmente cuentas relacionan adjunto muchas gracias,,0
peticion,traslado de deuda,permitimos solicitar cancelación facturas nombre construcciones amatista saldo favor cuenta numero actualmente cuentas relacionan adjunto muchas gracias,,0
peticion,traslado de deuda,permitimos solicitar cancelación facturas nombre construcciones amatista saldo favor cuenta numero actualmente cuentas relacionan adjunto muchas gracias,,0
peticion,traslado de deuda,permitimos solicitar cancelación facturas nombre construcciones amatista saldo favor cuenta numero actualmente cuentas relacionan adjunto muchas gracias,,0
peticion,traslado de deuda,permitimos solicitar cancelación facturas nombre construcciones amatista saldo favor cuenta numero actualmente cuentas relacionan adjunto muchas gracias,,0
peticion,devolucion o traslado de saldo a favor,permitimos solicitar cancelación facturas nombre construcciones amatista saldo favor cuenta numero actualmente cuentas relacionan adjunto muchas gracias,,0
peticion,devolucion o traslado de saldo a favor,permitimos solicitar cancelación facturas nombre construcciones amatista saldo favor cuenta numero actualmente cuentas relacionan adjunto muchas gracias,,0
peticion,devolucion o traslado de saldo a favor,permitimos solicitar cancelación facturas nombre construcciones amatista saldo favor cuenta numero actualmente cuentas relacionan adjunto muchas gracias,,0
peticion,devolucion o traslado de saldo a favor,permitimos solicitar cancelación facturas nombre construcciones amatista saldo favor cuenta numero actualmente cuentas relacionan adjunto muchas gracias,,0
peticion,devolucion o traslado de saldo a favor,permitimos solicitar cancelación facturas nombre construcciones amatista saldo favor cuenta numero actualmente cuentas relacionan adjunto muchas gracias,,0
peticion,devolucion o traslado de saldo a favor,permitimos solicitar cancelación facturas nombre construcciones amatista saldo favor cuenta numero actualmente cuentas relacionan adjunto muchas gracias,,0
peticion,devolucion o traslado de saldo a favor,permitimos solicitar cancelación facturas nombre construcciones amatista saldo favor cuenta numero actualmente cuentas relacionan adjunto muchas gracias,,0
peticion,devolucion o traslado de saldo a favor,permitimos solicitar cancelación facturas nombre construcciones amatista saldo favor cuenta numero actualmente cuentas relacionan adjunto muchas gracias,,0
peticion,devolucion o traslado de saldo a favor,permitimos solicitar cancelación facturas nombre construcciones amatista saldo favor cuenta numero actualmente cuentas relacionan adjunto muchas gracias,,0
peticion,devolucion o traslado de saldo a favor,permitimos solicitar cancelación facturas nombre construcciones amatista saldo favor cuenta numero actualmente cuentas relacionan adjunto muchas gracias,,0
peticion,devolucion o traslado de saldo a favor,permitimos solicitar cancelación facturas nombre construcciones amatista saldo favor cuenta numero actualmente cuentas relacionan adjunto muchas gracias,,0
peticion,devolucion o traslado de saldo a favor,permitimos solicitar cancelación facturas nombre construcciones amatista saldo favor cuenta numero actualmente cuentas relacionan adjunto muchas gracias,,0
peticion,devolucion o traslado de saldo a favor,permitimos solicitar cancelación facturas nombre construcciones amatista saldo favor cuenta numero actualmente cuentas relacionan adjunto muchas gracias,,0
peticion,devolucion o traslado de saldo a favor,permitimos solicitar cancelación facturas nombre construcciones amatista saldo favor cuenta numero actualmente cuentas relacionan adjunto muchas gracias,,0
peticion,devolucion o traslado de saldo a favor,permitimos solicitar cancelación facturas nombre construcciones amatista saldo favor cuenta numero actualmente cuentas relacionan adjunto muchas gracias,,0
peticion,devolucion o traslado de saldo a favor,permitimos solicitar cancelación facturas nombre construcciones amatista saldo favor cuenta numero actualmente cuentas relacionan adjunto muchas gracias,,0
peticion,devolucion o traslado de saldo a favor,permitimos solicitar cancelación facturas nombre construcciones amatista saldo favor cuenta numero actualmente cuentas relacionan adjunto muchas gracias,,0
peticion,devolucion o traslado de saldo a favor,permitimos solicitar cancelación facturas nombre construcciones amatista saldo favor cuenta numero actualmente cuentas relacionan adjunto muchas gracias,,0
peticion,devolucion o traslado de saldo a favor,permitimos solicitar cancelación facturas nombre construcciones amatista saldo favor cuenta numero actualmente cuentas relacionan adjunto muchas gracias,,0
peticion,devolucion o traslado de saldo a favor,permitimos solicitar cancelación facturas nombre construcciones amatista saldo favor cuenta numero actualmente cuentas relacionan adjunto muchas gracias,,0
peticion,devolucion o traslado de saldo a favor,permitimos solicitar cancelación facturas nombre construcciones amatista saldo favor cuenta numero actualmente cuentas relacionan adjunto muchas gracias,,0
peticion,devolucion o traslado de saldo a favor,permitimos solicitar cancelación facturas nombre construcciones amatista saldo favor cuenta numero actualmente cuentas relacionan adjunto muchas gracias,,0
peticion,devolucion o traslado de saldo a favor,permitimos solicitar cancelación facturas nombre construcciones amatista saldo favor cuenta numero actualmente cuentas relacionan adjunto muchas gracias,,0
peticion,exencion contribucion,solicitud exención contribución,,0
peticion,informacion general,buenos días quisiera solicitar historial pagos facturas periodo comprendido enero marzo muchas gracias,,0
peticion,direccion incorrecta,corregir dirección prestación servicio,,0
peticion,devolucion o traslado de saldo a favor,buenas tardes documento equivalente pagado doblemente medio apostar transferencia error solicito devolución dinero aplicación próximos cobros colaboración saber proceder,,0
peticion,perjuicios por falla en la prestacion del servicio,hoy aprox presenta explosión apto verificar encuentro quema televisor alcoba favor necesito empresa prestadora identifique causa dicha anomalía responda electrodoméstico mencion,,0
peticion,exencion contribucion,envió rut actualizado agroversalles dar continuidad exención contribución siguientes predios contraseña abrir archivo finca estrella cuentas,,0
peticion,perjuicios por falla en la prestacion del servicio,solicito favor informe técnico dia junio puesto día horas noche tras varios cortes activaciones energ avería televisor smart siguiente lleva centro dicen quemado raíz descarga fuerte energía,,0
peticion,"trabajos tecnicos en med, trafos, acometidas o en infraestr.",solicitamos visita tecnica diagnostico actual inestabilidad red frecuentes cortes energía excesivos daños causados asociados variación energia,,0
peticion,"trabajos tecnicos en med, trafos, acometidas o en infraestr.",solicito amablemente informe solicitar desplazamiento lateral poste transformador red distribución dicha cruza tejado bodega vivero kva voltaje prim secun voltios,,0
peticion,gestionar financiacion,señor carlos alberto trujillo gonzalez solicita financiación meses cuota inicial guarinyasociadosltda hotmail com,,0
peticion,normalizar instalacion,favor revisen instalaciones energía casas construyendo parte cueva vereda alto mina,,0
peticion,"trabajos tecnicos en med, trafos, acometidas o en infraestr.",importante realicen mantenimiento preventivo registro voltaje diferentes horas énfasis pico pues mediciones acometida internas voltios registros enviamos soportes fotográficos rango permitido carga ningún equipo funciona debajo tensión nominal propia solicitamos evaluar capacidad transformador cableado natura cola circuito situación puede influir lleguen permanentemente éstas fluctuaciones tan grandes funcionamiento perjudicando notablemente podemos arriesgar costoso bajo,,0
peticion,terminacion del contrato,solicito cancelación servicio energía cuenta mención adjunto carta solicitud formal explicación caso,,0
peticion,gestionar financiacion,mercurio buenas porfavor pueden informar debo hacer esque dinero completo pagar total factura quedaria facil abonar quisiera saber gracias,,0
peticion,normalizar instalacion,conecto equipo soldadura viejo taco interno casa contador disparó dejo energía toma corriente internos,,0
peticion,informacion general,factura energía dice cancelar mil pesos parte cancelado facturas emitidas anteriormente difieren cuotas pagado cumplidamente todas quiero hacer plan financiamiento pregunta cuanto debo total mes número cuenta documento equivalente,,0
peticion,devolucion o traslado de saldo a favor,petición reembolso pago doble trabajo reubicación red centro vacacional alegría tropical dorada caldas,,0
peticion,requerimiento competencia de otra empresa,llegó recibo correspondiente servicio energía eléctrica mayo junio chec dorada caldas gran sorpresa aumento impuesto alumbrado público meses anteriores veníamos cancelando hoy además socializado numero cuenta nombre german alfonso cardenas,,0
peticion,gestionar financiacion,financiar total meses,,0
peticion,informacion general,solicitud pago total consumo mes abril año curso,,0
peticion,terminacion del contrato,solicitud retiro definitivo servicio chec grupo epm,,0
peticion,informacion general,dirijo uds favor aclarado tema saldo diferir realizado pagos mes cumplidamente todas facturas así entiendo hablando factura anexa quedo espera comentarios,,0
peticion,"trabajos tecnicos en med, trafos, acometidas o en infraestr.",petición traslado postes energía permito informar actualmente encuentro perjudicada salud debido cercanía dos habitación duermo poste ubicado carrera encuentra menos aprox adjunta oficio,,0
peticion,cambio datos basicos,usuario solicita favor modificar factura servicios nombre propietario predio anexo copia certificado tradición inmueble,,0
peticion,requerimiento competencia de otra empresa,observaciones solicito información acerca rsa seguros póliza seguro vida adquirida día actualmente reflejado factura puesto números contacto registrados funcionamiento,,0
peticion,valores congelados,deja saldo revisión sspd falle recurso apelación,,0
peticion,cambio datos basicos,solicito cambiar titular factura encuentra momentos nombre maria andrea gil castro adjunto predial copia cédula,,0
peticion,"trabajos tecnicos en med, trafos, acometidas o en infraestr.",retiro traslado torre energía instalaciones cableado problemas seguridad quedar cerca vivienda corral ordeño puede presentar situaciones riesgo menores trabajadores finca amparo solicitud art constitución colombiana,,0
peticion,"trabajos tecnicos en med, trafos, acometidas o en infraestr.",visita realizada técnico predio manifestó alternativa solucionar inconveniente enramada luz alcanza mover eficientemente motor permitan tomar vecino mtrs,,0
peticion,poda de arboles,observaciones atención portafolio servicios cuenta empresa central hidroeléctrica caldas solicito realice descumbre general corredor líneas electricas,,0
peticion,exencion contribucion,observaciones presente solicito aplicar exención contribución instalación obtener beneficios señalados decreto,,0
peticion,requerimiento competencia de otra empresa,nuevo propietario predio factura viene cobrando productos seguro rsa seguros solicito seguir facturando pues anterior,,0
peticion,requerimiento competencia de otra empresa,observaciones señores chec presento ustedes derecho petición solicitando información factura luz cobrando seguro nunca autorice solicite autorización realizando cargos agradezco pronta respuesta,,0
peticion,cambio datos basicos,usuaria solicita cambio suscriptor nombre,,0
peticion,perjuicios por falla en la prestacion del servicio,buenas tardes cuenta nombre heli perez estan presentando descargas altibajos quemando electrodomesticos solicito revisión mil gracias atención,,0
peticion,cambio datos basicos,solicitud ingresar direccion postal entrega factura,,0
peticion,gestionar financiacion,solicitud medidas alivio financiación puedo acceder facturas energia atte juan carlos gonzalez cuenta,,0
peticion,cambio datos basicos,solicito forma atenta cambiar titularidad factura energía llega predio ubicado cra risaralda caldas número cuenta fin queden nombre liliana patricia gonzález marín inversiones estrella cuanto según indiqué compré persona jurídica,,0
peticion,requerimiento competencia de otra empresa,factura mes junio impuesto alumbrado público julio aumento arbitrario mil solicito reajuste pasado momentos imposible pagar inexplicable subida preciose anula error,,0
peticion,exencion contribucion,actualizar beneficio exoneracion pago contribucion especial panaderia makarena adjunto rut,,0
peticion,informacion general,requiero saber posible financiar saldo actual,,0
peticion,cambio de uso,buenas señores chec mediante solicitud pedirles hagan cambio servicio comercial residencial factura numero cuenta gracias atenciones prestadas,,0
peticion,gestionar financiacion,saldo trabajos materiales instalación medidor ejecutada diciembre favor cobrarlo sola cuota próxima facturación energía radicado,,0
peticion,terminacion del contrato,buen dia anteriormente realice solicitud retiro cuenta quedo numero respondieron debía ingresar nuevamente solicitando generen factura contador favor solicito,,0
peticion,terminacion del contrato,realice pago quitar contador solicite asociado proceso,,0
peticion,informacion general,solicta haga envío resolución superintendencia servicios públicos domiciliarios julio notificada chec toda vez correo electrónico enviaron agosto pese anuncia adjunta,,0
peticion,informacion general,predio desocupado hace aproximadamente meses entiendo estan llegando cargos consumo favor necesito verifiquen sistema parece justo cuenta vivenda deshabitada,,0
peticion,exencion contribucion,observaciones solicito favor hagan descuento nuevo factura muchas gracias,,0
peticion,informacion general,solicito suspenda financiación cuotas meses facturación mayo ustedes arbitrariamente pusieron facturas números cuenta situación acuerdo nunca solicite hacer respectivo pago total,,0
peticion,exencion contribucion,exención industriales primera vez,,0
peticion,cambio datos basicos,asunto derecho peticion solicito cambio nombre propietario lopez gutierrez luis enrique pasar leidy johana toro jaramillo dirección correcta cra números suscriptor medidor bajos altos,,0
peticion,"trabajos tecnicos en med, trafos, acometidas o en infraestr.",realizaron lectura contador salia casa señor realizó dejó caer tapa dijo día siguiente encontramos pedazo mismo requiere reparación cuenta uds únicos manipulan radicado,,0
peticion,"trabajos tecnicos en med, trafos, acometidas o en infraestr.",encima techo casa pasa línea media tensión impide realizar cualquier tipo actividad riesgo posible cambiaran poste pide muevan líneas cubiertas poder hacer uso área vertical adjunta evidencia fotográfica,,0
peticion,terminacion del contrato,solicita terminación contrato numero cuenta,,0
peticion,terminacion del contrato,buenas tardes señores chec dispuesta pagar suma retiro servicio espero informen cuenta debo hacer consignación muchas gracias,,0
peticion,cambio datos basicos,solicito cordialmente cambio suscriptor inmueble detallado gracias,,0
peticion,informacion general,saludos error realicé pago sumando dos valores correspondientes aportes solicito cordialmente aceptado únicamente reversado agradeciendo atención prestada radicado,,0
peticion,terminacion del contrato,solicita retiro servicio energia debido demolicion vivienda existente lote contador encuentra desmontado guardado predio requiere ningun,,0
peticion,terminacion del contrato,usuario solicita terminacion contrato predio demolido adjunta documentos,,0
peticion,informacion general,factura actual realizando cobro saldo anterior alumbrado público entiendo realizan mes pagó totalidad incluyendo cobra allí mismo agradezco rectifiquen,,0
peticion,devolucion o traslado de saldo a favor,buenas noches día hoy agosto realice pago interne pse cuenta mención julio pagado físicamente quedó doble misma agradezco indicarme hace devolución dinero queda saldo favor próxima liquid,,0
peticion,cambio datos basicos,solicitud visita pues local encuentra totalmente desocupado dará uso comercial favor verificar hecho además reliqidar presente factura residencial repito habia petición,,0
peticion,exencion contribucion,observaciones solicito aplicar exoneración contribución acuerdo decreto,,0
peticion,devolucion o traslado de saldo a favor,realicé pago factura luz cuenta debitada anterior disponga devolución excedente,,0
peticion,informacion general,observaciones buenas tardes favor indicarme factura llega pagar día agosto conceptos chec dicen deuda energia diferir,,0
peticion,cambio datos basicos,factura casa llega nombre persona propietario necesito cambiar suscriptor llegue datos reales caso doris matilde vasco marin,,0
peticion,direccion incorrecta,factura llega dirección cra nuevo horizonte correcta calle manizales favor corregir,,0
peticion,exencion contribucion,observaciones buenas tardes solicito exoneracion impuesto contribución,,0
peticion,exencion contribucion,observaciones adjunto rut actualizado fin solicitar continuidad beneficio exención contribución numero cuenta,,0
peticion,cambio datos basicos,buenas tardes solicito actualización datos numero cuenta anexo predial,,0
peticion,suspension o corte del servicio,buenas tardes solicito suspencion temporal servicio energia gracias,,0
peticion,pago de la factura de otro usuario,pague factura mia error pagué cuenta adjunto soporte solicito favor devolver transacción datos posible pasen dinero chec,,0
peticion,perjuicios por falla en la prestacion del servicio,presentan altibajos fluído haciendo dispare moden internet nevera frene momentaneamente apagón administradora reclamó solución radicado julio,,0
peticion,informacion general,solicita insumo realización estudio conexión pretende conectar generador solar fotovoltaico usuario atendido epm,,0
peticion,terminacion del contrato,cancelación contrato energía dirección carrera adjunta solicitud firmada representante legal constructora cámara comercio vigente certificado tradición fotocopia cédula ciudadanía radicados,,0
peticion,devolucion o traslado de saldo a favor,buenas tardes manera atenta dirijo ustedes fin informar debido error pago servicio electricidad cancele dos veces factura correspondiente mes junio julio solicito devolucion dinero descontado proximo,,0
peticion,exencion contribucion,buenos días solicito amablemente colaboración exoneración contribución energía siguientes cuentas canceladas coytex sas nit,,0
peticion,cambio datos basicos,gloria quiceno vélez propietaria inmueble solicito actualice modifique direccion cuenta correcta calle nro apartamento adjunto copia cedula ciudadanía certificado nomenclatura expedido planeacion mpal factura energía,,0
peticion,informacion general,cobro facturas aparecen trocados consumo cuenta llega direccion calle pertenece nomenclatura viceversa,,0
peticion,cambio datos basicos,buenos días solicito colaboración realizar cambio titular factura inmueble propietario,,0
peticion,suspension o corte del servicio,motivo solicitud solicitar suspension servicio publico temporal direccion calle billar toda vez funcionaba ahi inicio pandemia acabo negocio necesito vuelva llegar mas consumo factura,,0
peticion,gestionar financiacion,nombre jorge julio trejos girado casa ubicada dosquebradas calle altos sta clara factura pendiente momento hes imposible cancelar dicho dinero entonces quiero saber puedo pagando suma tema pandemia quedé trabajo agradezco colaboración solicita notificar correo electrónico jorgegiraldo gmail com,,0
peticion,exencion contribucion,observaciones nestor mauricio guerrero morales calidad representante legal cauchos derivados amablemente solicito realicen respectiva actualización exoneracion industriales fin realizar información adjunto rut actualizado,,0
peticion,requerimientos entes oficiales o entidades externa,recibimos factura periodo junio julio número medidor facturando servicio conceptos solicitamos facturado consorcio grupo constructor autopistas cafe,,0
peticion,informacion general,represento empresa tigo solicitamos conocer causa raíz falla reportada julio asesora natalia betancur informo sector presentaban afectaciones energía genera evento radicado afecto sitio tres puertas vereda cabaña,,0
peticion,perjuicios por falla en la prestacion del servicio,daño altibajos energía ustedes proveen allí surgió interrupción definitiva funcionamiento equipo panasonic,,0
peticion,requerimiento competencia de otra empresa,propietario habitante barrio quintas campestre quiero manifestar inconformidad mala calidad alumbrado publicado presenta varios puntos iluminación ademas luz provee baja intensidad suple necesidad sector,,0
peticion,perjuicios por falla en la prestacion del servicio,soliita reparacion daño ocasionado barrio horizonte afecto dos neveras vivienda dia julio,,0
peticion,devolucion o traslado de saldo a favor,buenos días solicitó colaboración toda vez error realice pago factura dos veces pague contribución viene anterior solicito aplicado indique debo hacer devolución,,0
peticion,requerimiento competencia de otra empresa,solicito corrección cuenta momento empresa pues notificado medio emisión facturación actualidad ostenta deuda servicio utiliza equipos instalados tener paneles solares,,0
peticion,cambio datos basicos,cambio datos básicos deseo cambiar suscriptor ponerlos nombre adjunto certificado tradición inmueble mio,,0
peticion,"trabajos tecnicos en med, trafos, acometidas o en infraestr.",solicito retiro riel mal inclinado igual presta ningún servicio carrera lado apoyo congestiona andén,,0
peticion,cambio datos basicos,deseo desactivar servicio factura correo electronico volverla recibir fisica inmueble arrendado arrendatario desea llegue mucas gracias,,0
peticion,exencion contribucion,observaciones amablemente solicito renovado beneficio excencion contribución energía cuenta empresa ubicada cra bod romelia actividad principal funcionamiento correspondiente procesos fabricación,,0
peticion,cambio datos basicos,usuario presenta derecho petición solicitando actualice estrato factura aparece servicios autoriza respuesta correo electrónico higonzalezm gmail com,,0
peticion,cambio datos basicos,usuario hace referencia proceso anterior negado cambio suscriptor expresa acuerdo toda vez documentos adjuntos demostro ser requeire actualizada informacion sistema,,0
peticion,informacion general,solicito factura pago julio concepto alumbrado publico cobrando meses anterior pagado costo total debe restarse cobro gracias,,0
peticion,perjuicios por falla en la prestacion del servicio,dia sabado abril rededor noche problema energia subia bajaba fuertemente hizo televisores quemara televisor sony pulgadas lcd avaluado,,0
peticion,"inscripcion, retiro o bloqueo de tarjeta pfs",suscriptor predio solicita posibilidad vuelvan activar tarjeta bloqueada cumplir pagos ahora cuarentena puso día nuevamente volver tener lso beneficios requiere financiar tablet estudio hijos finca,,0
peticion,devolucion o traslado de saldo a favor,solicito reintegró pago realizado dos veces mes abril fechas reclamado esperando hicieran reintegro favor revisar pagos realizados duplicados gracias,,0
peticion,"trabajos tecnicos en med, trafos, acometidas o en infraestr.",solicito favor cambio puesto poste luminaria afectando directamente entejado casa parte peligro ubicación agradecería pronta solución,,0
peticion,exencion contribucion,observaciones beneficio reducción pago factura,,0
peticion,cambio de uso,luz marina hernández molina identificada cédula ciudadanía propietaria inmueble ubicado cll urb ciudad jardin municipio villamaria caldas solicito respetuosamente cambie clase servicio medidor comercial residencial,,0
peticion,informacion general,usuaria solicita claridad cobro leer adjunto,,0
peticion,exencion contribucion,observaciones solicito amablemente retire cobro concepto contribución factura cuenta mencionada debido actividad económica hacemos parte grupo empresas deben realizar dicha posterior verificación información anexo documentación,,0
peticion,devolucion o traslado de saldo a favor,buenas tardes día julio pague factura días pagado llego hoy dice van diferir meses luz favor puede ayudar,,0
peticion,exencion contribucion,continua exención contribución,,0
peticion,informacion general,llega factura correspondiente junio julio nota indica deuda energia diferir todas facturas sido canceladas relaciono pdf respectivos recibos pagos,,0
peticion,cambio datos basicos,compramos pantalla digital llega factura empresa lasso deseamos actualizar siga llegando nombre compañía,,0
peticion,direccion incorrecta,existe inconsistencia dirección real predio aparece factura servicio energía generado inconvenientes últimamente facturación encuentra nombre gelen seilly gil pineda gracias,,0
peticion,suspension o corte del servicio,solicitamos favor suspender servicio energía dirección cra concordia contrato numero anterior debe remoción propiedad trabajos concesion alto magdalena,,0
peticion,cambio datos basicos,solicito cambio titular compra apartamento,,0
peticion,perjuicios por falla en la prestacion del servicio,solicito ustedes reparación daño causado televisor propiedad marca samsung smart modelo serial ceh ocasionado falla voltaje energia,,0
peticion,gestionar financiacion,observaciones solicito factura julio diferida cobrados intereses puesto aprobado proceso contrario intenté pagar varias ocasiones sistema decía encontraron facturas vencimiento válidas línea activa gracias,,0
peticion,"trabajos tecnicos en med, trafos, acometidas o en infraestr.",buenas tardes permito solicitar valiosa colaboración modificada altura cables tensión energía pasan frente casa toda vez pueden generar accidente asi mismo removido poste energia suben,,0
peticion,informacion general,requiero formalmente manden oficio desembargo plataforma virtual juzgados usuario acceso posee abogado leonardo adjunto paz salvo proceso radicado número chec cuenta,,0
peticion,informacion general,realizado pago facturas pueden favor explicar diferido indica factura recibida recibido día hoy saldo,,0
peticion,informacion general,buenas tardes apartamento encuentra desocupado abril agradezco analizar solicitud suspension cobro servicio alumbrado mientras consumo energia,,0
peticion,terminacion del contrato,acuerdo asunto contexto manera atenta respetuosa posible solicito cancelado definitivamente servicio público domiciliario energía eléctrica adicional realice desinstalación medidor dicho prestado inmueble ubicado ciudad santa rosa cabal departamento risaralda exactamente domicilio calle sótano barrio andes solicitud sustenta bajo motivo cada vez llueve inunda reiteradas ocasiones presentado lamentables situaciones tal razón inhabitable destino residencial comercial afines consiguiente estableció criterio propietario experiencias negativas pasadas permitirá residir,,0
peticion,separacion temporal o pago dirigido,solicita hacer abono factura,,0
peticion,cambio datos basicos,usuaria solicita cambio nombre factura adjunto consulta vur fotocopia cedula,,0
peticion,informacion general,solicito ustedes resumen pagos echos servicio energía predio solo hacer registro personal muchas gracias,,0
peticion,informacion general,solicita unificacion dos cuentas tambien viabilidad cuales requisitos realizar sola quieren unificar,,0
peticion,emision de documento para pago,favor enviar correo carmelitapinzonar yahoo com factura correspondiente ultimo bimestre gracias,,0
peticion,gestionar financiacion,buenas queria pedir porfavor pueden contactar migo correo llamada hacer petición dar abono factura dia hoy saldar total deseamos muchas gracias,,0
peticion,gestionar financiacion,señores chec presente héctor fabián giraldo ríos identificado cédula ciudadanía dosquebradas pido permita financiación factura número cuenta conozco dueña entonces permite facilidad medio pedir luz cuento monto mil pesos abonarle deuda restante puedan digerir varias cuotas unas ustedes dirán quedó atento respuesta muchas gracias atención prestada,,0
peticion,perjuicios por falla en la prestacion del servicio,escribo ustedes favor solución daño causado parte persona esfuerzo consigo cositas noche mañana quemen agregando mal uso mismos sino mantenimiento dichas redes equipo dos años medio cuidamos paso anexo fotos espero pronta respuesta,,0
peticion,exencion contribucion,observaciones buenas tardes envió documentación requerida solicar exención contribución gracias atención prestada,,0
peticion,perjuicios por falla en la prestacion del servicio,pasado julio año curso debí mandar reparar nevera raíz falla servicio eléctrico quemó tarjeta principal anexo factura fines reembolso dinero,,0
peticion,cambio datos basicos,cambio titular factura,,0
peticion,cambio datos basicos,facturas energía relacionan oficio lleguen siguiente dirección calle delegacion caldas rnec,,0
peticion,cambio de uso,solicito atentamente estudiada posibilidad cambiar servicio energia comercial residencial debido local combió aparta estudio,,0
peticion,cambio datos basicos,facturas energía relacionan oficio lleguen siguiente dirección calle delegacion caldas rnec,,0
peticion,perjuicios por falla en la prestacion del servicio,revisión reparación hecha días anteriores generó daño electrodomésticos líneas eléctricas adjunta peticion,,0
peticion,poda de arboles,vereda cartagena ramal sonadora finca rincón mata guadua alcanzó cables conducen energía predio guadual menaza caerse romper cuerdas solicito intervención mayor brevedad posible gracias,,0
peticion,terminacion del contrato,medio presente solicitamos cancelación contrato suscripción servicio ende retiro respectivo medidor energía,,0
peticion,requerimiento competencia de otra empresa,esposo uriel restrepo falleció julio informé chec escrito hace mes asegurado seguro vida pagado factura energía inicialmente rsa luego sura puedo reclamar beneficiaria requiero dejen cobrar,,0
peticion,cambio datos basicos,facturas energía relacionan oficio lleguen siguiente dirección calle delegacion caldas rnec,,0
peticion,reclamacion extemporanea o agotada la via administ,solicita recurso reposición respuesta recibido ver adjunto,,0
peticion,exencion contribucion,observaciones adjunto envía rut actualizado capadocia limitada fin seguir disfrutando beneficio exención contribución industriales siguientes cuentas,,0
peticion,cambio datos basicos,facturas energía relacionan oficio lleguen siguiente dirección calle delegacion caldas rnec,,0
peticion,cambio datos basicos,facturas energía relacionan oficio lleguen siguiente dirección calle delegacion caldas rnec,,0
peticion,cambio datos basicos,facturas energía relacionan oficio lleguen siguiente dirección calle delegacion caldas rnec,,0
peticion,cambio datos basicos,facturas energía relacionan oficio lleguen siguiente dirección calle delegacion caldas rnec,,0
peticion,exencion contribucion,observaciones adjunto rut fin solicitar beneficio exención contribución,,0
peticion,cambio datos basicos,buenas tardes señores chec medio presente dirijo ustedes solicitar cambio titularidad factura encuentra nombre señor carlos alberto arcila motivos venta inmueble pasarlo maria andrea duque martinez muchas gracias quedo atenta,,0
peticion,"trabajos tecnicos en med, trafos, acometidas o en infraestr.",manera respetuosa dirijo ustedes retiren poste ubicado dos metros inmueble presenta desplome inclinación hacía vivienda amenazando integridad habitantes lleva años ningún tipo uso,,0
peticion,informacion general,pueden ayudar siguiente información cuenta financiaron persona puesto vengo realizando seguimiento incremento,,0
peticion,facturacion a la fecha,meses anteriores julio evidencia bajo consumo razón debe bodega propiedad cambió arrendatario nuevo empleados hará devolución próximo septiembre servicio deberá día favor emitir factura cobro,,0
peticion,separacion temporal o pago dirigido,usuaria solo paga consumo,,0
peticion,perjuicios por falla en la prestacion del servicio,usuario solicita revisado caso dado agosto presento interrupcion servicio produjo daño equipo electrico solucione problema,,0
peticion,gestionar financiacion,hola necesito ayuda enviamos mensaje pagar factura vencida recibieron puntos susuerte dirigió oficina chec hacer pago pasó dijo asesor atendio recibían comp,,0
peticion,reclamacion extemporanea o agotada la via administ,motivo realizó reclamo envían técnico encuentra ninguna falla empresa reconoce error baja consumo nota cobro promedio autozado superintendencia servicios públicos,,0
peticion,informacion general,buenas tardes inquietud septiembre pague factura suerte cod seg hoy llega fctura ingreso sistema aparece mismo quiero saber cuanto real debo cancelar gracias,,0
peticion,exencion contribucion,observaciones adjunto envío rut actualizado exención contribución industriales número cuenta,,0
peticion,cambio datos basicos,solicito cambio nombre propietario nro cuenta adjunto siguientes archivos factura predial luz,,0
peticion,terminacion del contrato,solicito retirar contador cuenta dado necesario predio,,0
peticion,informacion general,acuerdo articulo reglamento técnico instalaciones eléctrica requieren dictamen inspección uso final cuanto carga instalar inferior kva así mismo edificación existencia año tenia matriculados servicios razón solicitamos ustedes respetuosamente requerido emitido ente certificador implicaría costo adicional obra ejecutada reiteramos,,0
peticion,"trabajos tecnicos en med, trafos, acometidas o en infraestr.",solicito revisión líneas peladas distribución transformador ubicado pie carretera motivo hace solicitud reubicar poste terminal casa realzar lineas eléctricas pues estan bajas cada vez cae tormentas,,0
peticion,cambio datos basicos,comedidamente dirijo ustedes fin solicitarles cambio titular factura numero cuenta quede nombre eber ulises valencia gonzalez actual propietario inmueble,,0
peticion,exencion contribucion,observaciones adjunta rut actualizado beneficio exencion contribucion energia,,0
peticion,gestionar financiacion,requiero factura total consumos junio julio agosto financiación valores financiados coherentes pagos realizado deuda empresa,,0
peticion,gestionar financiacion,requiero factura total consumos junio julio agosto financiación valores financiados coherentes pagos realizado deuda empresa,,0
peticion,cambio datos basicos,cambio datos básicos registro factura electrónica,,0
peticion,cambio datos basicos,observaciones solicito cambio nombre suscriptor medidor pertenece altos amablemente realizar leidy johana toro jaramillo nueva propietaria señor luis enrique gomez gutierrez aclaro dos servicios,,0
peticion,informacion general,cancelo factura línea mes dice facturas válida pago llega digital indica pagar sitios autorizados hago,,0
peticion,cambio datos basicos,facturas energía relacionan oficio lleguen siguiente dirección calle delegacion caldas rnec,,0
peticion,cambio de uso,solicita cambiar clase servicio comercial residencial estrato aparece certificado estratificación anexa,,0
peticion,terminacion del contrato,solicitamos cancelación servicio energía eléctrica contrato ubicado carrera sector ciudad manizales solicita definitiva manera urgente edificación encuentra desocupada próximamente demolida,,0
peticion,cambio datos basicos,nuevamente solicita cambio dirección postal apartamentos predio carrera,,0
peticion,cambio datos basicos,observaciones buenas tardes adjunto documentos fin trámite cambio nombre cliente respectiva factura,,0
peticion,perjuicios por falla en la prestacion del servicio,buenas tardes presento reclamación daño equipos electrónicos después cayo rayo posible bajón luz edificio torres oriente ubicado calle manizales caldas,,0
peticion,perjuicios por falla en la prestacion del servicio,día agosto siendo evidencia interior casa tomas luz corriente verifica bombillos solo prendía momento televisor encendido bajón apago servicio reporte ver adjunto,,0
peticion,suspension o corte del servicio,solicito retiro contadores energía cuentas predio ubicado barrio milán correspondiente siguientes direcciones calle meses cuenta mismo inmueble inactivo pandemia,,0
peticion,suspension o corte del servicio,solicito retiro contadores energía cuentas predio ubicado barrio milán correspondiente siguientes direcciones calle meses cuenta mismo inmueble inactivo pandemia,,0
peticion,suspension o corte del servicio,solicito retiro contadores energía cuentas predio ubicado barrio milán correspondiente siguientes direcciones calle meses cuenta mismo inmueble inactivo pandemia,,0
peticion,informacion general,acuerdo respuesta dada requerimiento mes junio pagó factura correspondiente efectos establecer responsabilidades pregunto ocurrió ello omisión bancolombia entidad autorizada débito automático mensual chec,,0
peticion,perjuicios por falla en la prestacion del servicio,chec indemnice daños perjuicios causaron incumplimiento estándares calidad potencia suministrada caso reposición televisor pulgadas smart cinema corte energía perfecto,,0
peticion,cambio datos basicos,usuaria solicita cambio suscriptor nombre,,0
peticion,informacion general,respetuosamente permito presentar ustedes derecho petición solicitándoles aplique subsidio cobro total factura energía eléctrica asociada cuenta virtud mínimo cital documento adjunto anexan detalles,,0
peticion,cambio datos basicos,solicita cambio nombre factura graciela rivas londoño adjuntan documentos,,0
peticion,cambio datos basicos,solicita cambio nombre,,0
peticion,perjuicios por falla en la prestacion del servicio,respuesta requerimiento anexo facturas reparación nevera solicitando mismas abonada facturación cuenta queda saldo favor abonado mes siguiente quedo atento comentarios,,0
peticion,cambio de uso,debido emergencia covid uso local comercial entro quiebra julio presenta inmueble vacio,,0
peticion,requerimientos sspd o sic,solicitud sspd remitir dirección territorial trámite dado inconformidad usuaria,,0
peticion,informacion general,buenos dias porfavor solicitamos historico matrices consumo excel enero septiembre gracias,,0
peticion,devolucion o traslado de saldo a favor,envía documentación referente proceso fallo favor empresa respuesta oficio quedando pendiente confirmación consignación nombre,,0
peticion,informacion general,medio presente clinica avidanti manizales nit cuenta solicita amablemente copia contrato defecto certificación servicio ustedes prestan agradecemos atención prestada,,0
peticion,informacion general,buenas tardes solicito favor acuerdo pago saldo cuenta ustedes corresponde transcurrido mes marzo comenzó atraso motivo covid agradezco antemano colaboración,,0
peticion,cambio datos basicos,observaciones permito solicitar cambio nombre factura energía llega direccion calle siga llegando señor jose aldebier ayala florez identificado adjunto cedula quedo pendiente muchas gracias,,0
peticion,exencion contribucion,observaciones adjunto rut actualizado madeco sas nit continuar beneficio exención contribución según decreto cuenta,,0
peticion,informacion general,observaciones gracias pagué primera vez factura luz internet dónde puedo obtener comprobante pago,,0
peticion,informacion general,solicito copias medio facturas enero junio,,0
peticion,perjuicios por falla en la prestacion del servicio,solicito favor responsabilidad daño causado pasa agosto causa repetidas interrupciones energía abra adelanta sector quemada televisor según relaciono archivo adjunto,,0
peticion,"trabajos tecnicos en med, trafos, acometidas o en infraestr.",amablemente solicito mantenimiento zona villa río iii etapa debido constantes interrupciones energía sufrimos área ocasionando daño cámaras seguridad condominio aparatos eléctricos varias ocaciones,,0
peticion,cambio datos basicos,buenas tardes solicito favor realizar cambio nombre factura actualmente encuentra señor jairo idárraga salgado quede pues nuevo propietario predio quedo atento luis alfonso giraldo gonzález,,0
peticion,terminacion del contrato,solicitar suspensión temporal mas pronto posible pagaron todas facturas correspondientes consumo muchas gracias quedo atenta,,0
peticion,gestionar financiacion,finaliza financiación terminación contrato,,0
peticion,pago parcial,usuario realiza abono,,0
peticion,informacion general,buenas tardes requiere colaboración suministrando información falla reportada numero tiquete incidencia predio cuenta vereda plazuela municipio samaná día septiembre,,0
peticion,informacion general,buenos días favor colaboración brindando información relacionada falla presentada día septiembre municipio risaralda número reporte indicando hora inicio causa restablecimiento solución gracias,,0
peticion,cambio datos basicos,observaciones solucitud cambio suscriptor propietario inmueble,,0
peticion,gestionar financiacion,usuaria desea cancelar financiado covid,,0
peticion,exencion contribucion,observaciones continuar exoneración contribución,,0
peticion,cambio datos basicos,facturas energía relacionan oficio lleguen siguiente dirección calle delegacion caldas rnec,,0
peticion,exencion contribucion,adjunto copia rut actualizado continuar beneficio contribución numero cta,,0
peticion,cambio datos basicos,observaciones solicito cambio nombre titular cuenta actualmente aparece promotora sierra morena anterior propietario inmueble pasar atisco ocupan local comercial hacen responsables pago consumo energía,,0
peticion,terminacion del contrato,solicitamos cancelación servicio atm instalaríamos punto ser utilizado necesario continuar contrato,,0
peticion,terminacion del contrato,presente solicitar suspensión definitiva contador ubicado contiguo puente libertad sector san marcel predio encuentra deshabitado cuenta ninguna vivienda oficio adjunto,,0
peticion,"trabajos tecnicos en med, trafos, acometidas o en infraestr.",cuenta últimos años hacer varios cambio contadores finca costado dinero duran caso hace año cambiaron ahora hacen garantía cobrado nuevamente reinstalación cuesta solicito favor revisen necesario suceda tan frecuentemente inconvenientes tales quemado electrodomésticos altibajos conseguir estabilizadores caen rayos pringa luz etc sugerencia comentarios hecho respecto dicen transformador propiedad chec sobrecargado bajito deben mover lugar esperamos tomen decisión resuelvan,,0
peticion,cambio datos basicos,cambio matricula energia titular,,0
peticion,cambio datos basicos,solicito actualizada matricula predio nombre propietario misma evidencia documentos adjuntos dicha solicitud realiza dirección mencionada llego documento parte ustedes haciendo referencia proceso muchas gracias,,0
peticion,gestionar financiacion,según respuesta proceso acreditó saldo favor dado actualmente financiación trabajo portafolio trabajos terceros millones solicita acreditado abonado deuda adjunta copia,,0
peticion,informacion general,favor informar demora instalación nodo contador solicitado hace mas meses independizar local comercial usuario final visto afectado desearia saber llevado cabo dicha instalaciosi supuesta mente días hábiles,,0
peticion,"trabajos tecnicos en med, trafos, acometidas o en infraestr.",amablemente retirado reubicado cableado eléctrico vivienda colinda pues quedó pasando predio roza constantemente paredes mismo ocasionando corrientes eléctricas permiten roce,,0
peticion,cambio datos basicos,solicito hacer llegar facturas sico predio ubicado dosquebradas risaralda conjunto tagua cra bloque apto est arrendado inquilinos cancelan agradezco colaboraci cordialmente carmenza perilla propietaria,,0
peticion,gestionar financiacion,factura debo cancelar cobro doble plan exequial alumbrado público necesito modifiquen poder hacer pago petición anterior solicitado quería pagos diferidos aún siguen apareciendo,,0
peticion,cambio datos basicos,buenas tardes solicito cambio nombre suscriptor gracias,,0
peticion,informacion general,realizó pago factura correspondiente mes julio través servicio facturas bancolombia anexa comprobante pesar ello llegó saldo mora necesitamos realice corrección,,0
peticion,reconexion,después reconexión pago energía tras poner queja daño mandaro técnico detectó servicio conectado dijo autorizado reconectarlo tiempo pidiendo sistema aparece,,0
peticion,"trabajos tecnicos en med, trafos, acometidas o en infraestr.",sector residentes necesitamos transformador energía vecino utiliza constantemente soldador trabaja empiezan saltar reguladores voltaje chec hecho solicitud cambiar hizo,,0
peticion,"trabajos tecnicos en med, trafos, acometidas o en infraestr.",parte exterior conjunto tapas cemento recubren cajas dónde entran cables suministro energía deteriorada deterioro generado dicha tapa hueco puede generar incidente transeúnte,,0
peticion,perjuicios por falla en la prestacion del servicio,usuario solicita reconocimiento daño electrodomesticos raiz ocosionado agosto anexa factura arreglo,,0
peticion,informacion general,pasado septiembre pago factura contrato anterior realizó fin cancelar definitivamente servicio referido consiguiente solicitamos forma comedida evitar cause nuevamente servicios,,0
peticion,terminacion del contrato,buenos dias solicitamos retiro contador número cuenta ubicado poste frente carrera peralonso manizales fué utilizado momento provisional construcción pues continúa generando cobros alumbrado público invama gracias atención ingresó errada,,0
peticion,terminacion del contrato,buenos dias solicitamos retiro contador número cuenta ubicado poste frente carrera peralonso manizales fué utilizado momento provisional construcción pues continúa generando cobros alumbrado público invama gracias atención ingresó errada,,0
peticion,terminacion del contrato,buenos dias solicitamos retiro contador número cuenta ubicado poste frente carrera peralonso manizales fué utilizado momento provisional construcción pues continúa generando cobros alumbrado público invama gracias atención ingresó errada,,0
peticion,gestionar financiacion,cliente solicita reprogramar saldo actual factura cuenta visto afectado situación covid,,0
peticion,perjuicios por falla en la prestacion del servicio,edificio vivo vive presentando altibajos luz momento molestando acaba quemar televisor proceso debo realizar chec responda daño,,0
peticion,cambio datos basicos,cambio titularidad servicio,,0
peticion,cambio datos basicos,corregir dirección prestación servicio,,0
peticion,cambio datos basicos,solicito favor actualicen datos siga facturando nombre constructora adjunto copia cédula recibo próxima factura llegue,,0
peticion,"trabajos tecnicos en med, trafos, acometidas o en infraestr.",requiero gestión realizar revisión técnica fin alejar redes eléctricas secundarias neutro desnudo cuales cruzan distancia aproximada ventana tercer piso genera riesgo contacto eléctrico situación toda cuadra,,0
peticion,perjuicios por falla en la prestacion del servicio,solicito amablemente colaboración retirando cableado luz pasa fachada casa debido peligroso permite acceso tercer nivel identificado gran parte uso pronto posible retiro reubicación,,0
peticion,informacion general,tramitando conexion sistema fotovoltaico requerimos cambio medidor bidireccional calibrado cuadrantes,,0
peticion,terminacion del contrato,solicita cancelación definitiva cuenta retiro medidor debido predio ser demolido adjunto copia escritura correspondiente inmueble,,0
peticion,informacion general,calidad constructora poseedores inmuebles solicitamos cordialmente cartera febrero septiembre,,0
peticion,cambio datos basicos,buen dia permito solicitar cambio usuario cuenta mediante escritura marzo vendio predio matricula inmobiliaria corresponde numero nueva propietaria señora aliz andrea alvarez arenilla,,0
peticion,exencion contribucion,dar cumplimiento párrafo art decreto diciembre seguir siendo beneficiario exención contribución energía contrato adjunto toda información requerida,,0
peticion,exencion contribucion,maria deyanira orozco villegas marinilla antioquia comedidamente solicito exención contribución trata decreto través contrato xocolata pan café anexo rut cámara comercio cedula notificaciones mail,,0
peticion,cambio datos basicos,petición consiste cambiar titular servicios propiedades empresa represento fameb sas efecto anexo solicitud documentos necesarios agradezco pronta favorable respuesta,,0
peticion,cambio de uso,solicito nuevamente cambio destinacion bien inmueble referenciado mes julio realizó peticion negada pues pudo corroborar residencial momento posible verificar uso dando adjunto,,0
peticion,informacion general,solicitud insumos ecs autogeneradores agpe,,0
peticion,cambio datos basicos,petición consiste cambiar titular servicios propiedades empresa represento fameb sas efecto anexo solicitud documentos necesarios agradezco pronta favorable respuesta,,0
peticion,separacion temporal o pago dirigido,usuaria realiza abono,,0
peticion,pago parcial,usuaria realiza abono,,0
peticion,gestionar financiacion,cuentas período facturado agosto septiembre financian factura julio misma encuentra totalmente paga procede financiación solicita facturas reclamadas consumo actual,,0
peticion,gestionar financiacion,cuentas período facturado agosto septiembre financian factura julio misma encuentra totalmente paga procede financiación solicita facturas reclamadas consumo actual,,0
peticion,separacion temporal o pago dirigido,usuaria paga factura anterior aporte volunrario,,0
peticion,exencion contribucion,solicito exoneración cobro subsidio contribución venido cobrando debido consumos corresponden áreas comunes conjunto loma linda propiedad horizontal identificado nit devolución dineros cancelados copropiedad,,0
peticion,gestionar financiacion,deseo diferir cuotas factura servicio energia tenia financiada llego pagar inmediato vencido anteriormente mas nuevo,,0
peticion,separacion temporal o pago dirigido,usuaria realiza abono,,0
peticion,"trabajos tecnicos en med, trafos, acometidas o en infraestr.",solicita reubicación poste apoyo chec encuentra ubicado entrada propiedad ubicada calle barrio japón ver documentación fotos,,0
peticion,perjuicios por falla en la prestacion del servicio,día hoy ocurrió bajón energía empresa textil manejamos maquinas electrónicas ocurrir especialmente maquina presilladora prende mecánico dice perdió fuente poder necesito saber responde daño,,0
peticion,cambio de uso,solicito cambio servicio toda vez aparece local comercial realidad vivienda familiar,,0
peticion,exencion contribucion,continúa exención industriales,,0
peticion,requerimiento competencia de otra empresa,peticion consiste solicitarle comedidamente reparación alumbrado público presta servicio toda entrada conjunto oasis oscuras hace varios días agradezco atencion cordialmente luz nery marulanda administradora,,0
peticion,cambio de uso,usuario solicita cambio servicio comercial residencial adjunta factura certificado estratificación,,0
peticion,cambio de uso,dia octubre recibi notificacion solicitud informa elpredio solicitado posible verificacion quiero informarles visita efectuada jhon mario diaz rubio septiembre,,0
peticion,"trabajos tecnicos en med, trafos, acometidas o en infraestr.",buenos días presente solicitar reubicación poste encuentra ubicado dentro propiedad debido desgaste ambiente paso tiempo nota fisura cuenta lámpara alumbrado público posible ver número asignado,,0
peticion,"trabajos tecnicos en med, trafos, acometidas o en infraestr.",año pasado señora maria elba garcia bermúdez ubicada manzana casa barrio san mariano realizo petición finalidad reubicara unas torrecillas cambiara postes representando gran riesgo niños comunidad vivienda sector mencionado,,0
peticion,"trabajos tecnicos en med, trafos, acometidas o en infraestr.",propietaria bien inmueble solicito favor reubicar torre energía ubicada dentro predio necesito levantar nuevo cerco limítrofe obstaculizando solicitar licencia construcción,,0
peticion,perjuicios por falla en la prestacion del servicio,usuario solicita reconocimiento daño equipo electrico,,0
peticion,perjuicios por falla en la prestacion del servicio,usuario solicita reconocimiento daño equipo electrico,,0
peticion,devolucion o traslado de saldo a favor,favor devolverme abonar próxima factura pesos pues mes días pago día octubre recibo energía debitados cuenta davivienda espero reembolsen abonen,,0
peticion,gestionar financiacion,finaliza financiacion proceso,,0
peticion,exencion contribucion,adjunto documentación certifica puedo solicitar exención contribución según actividad comercial dedico quedo pendiente muchas gracias,,0
peticion,gestionar financiacion,solicito poder pagar factura vencio septiembre maximo pago pagarla mas pronto posible gracias,,0
peticion,devolucion o traslado de saldo a favor,pagué factura doble sobrino pagado referencia susuerte llegó mismo necesito solución respecto favor,,0
peticion,separacion temporal o pago dirigido,buenos dias quiero pagar factura actual gracias,,0
peticion,"trabajos tecnicos en med, trafos, acometidas o en infraestr.",solicito comedidamente verifique reubicación poste encuentra mitad fachada impide ingreso garaje proceso anterior adjunta documentacion,,0
peticion,"trabajos tecnicos en med, trafos, acometidas o en infraestr.",medio presente permito solicitar ustedes revise poste ubicado calle barrio sultana código presenta avanzado visible deterioro estructura representando alto riesgo población viviendas vehículos,,0
peticion,"trabajos tecnicos en med, trafos, acometidas o en infraestr.",solicitar respetuosamente reubicación cables eléctricos dos medidores encuentran dentro propiedad hace difícil lectura mismos necesaria mente alguno familia cada mes técnicos proporcionar entrada,,0
peticion,informacion general,explicación pago realizado facturación pague trabajo medidor totalidad siguen cobrando parcial solicite electrodoméstico además cobro cargo desconozco gracias,,0
peticion,perjuicios por falla en la prestacion del servicio,usuario solicita reconocimiento daño equipo electrico ver adjunto,,0
peticion,gestionar financiacion,cuenta san bernardo viento representante legal atentamente solicito emitir fra completa pago sido diferido emergencia sanitaria autorizo realizar total factura programada debito automatico bancolombia,,0
peticion,cambio datos basicos,solicito cambiar nombre factura actualmente encuentra ivan jaramillo hoyos finca corcega vereda trinidad nuevo titular cuenta ana maría duque pérez identificada,,0
peticion,informacion general,trámite exoneración contribución energía industriales decreto,,0
peticion,perjuicios por falla en la prestacion del servicio,dia septiembre tarde realizo corte energia sector barrio arboleda genero regreso energía televisor marca samson serie ahqu clpb encendia envió taller anexa informe técnico carta solic,,0
peticion,perjuicios por falla en la prestacion del servicio,día octubre aproximadamente explosión tipo hizo fluído eléctrico regresó televisores casa encendía solicitud reparen televisor cambien,,0
peticion,perjuicios por falla en la prestacion del servicio,saludos señores chec espero encuentren bien comunico ustedes informar siendo aproximadamente día septiembre sufrimos explosión bajo palermo ocasionada cable lleva transformador interno conjunto residencial alameda situado carrera nro mala fortuna equipos proyección fundió tal razón informarles aún repetidamente sector lugar perteneciente estrato presentado últimos años demasiados apagones derivados causas similares creo derecho exigirles responsabilidad daño causado elemento propiedad sabiendas servicio barato además ello tener acarrear costos prestación garantiza seguridad eléctricos electrónicos,,0
peticion,informacion general,cobrando doble mes septiembre sabiendas pagué presente año,,0
peticion,devolucion o traslado de saldo a favor,motivo solicitud ultima factura generada cancelo dos veces hija línea cancele necesito saber debo hacer devolución abono próxima pagos,,0
peticion,requerimiento competencia de otra empresa,pretensiones tercero forma inmediata realice visita poste luz comento realicen acciones corrijan definitiva causas evite vuelvan ocurrir cuales encuentran afectando calidad vida personas sector haciéndole constar mismo produce partir inicia alumbrado público,,0
peticion,perjuicios por falla en la prestacion del servicio,madrugada oct estimo sintió fuerte explosión generó interrupción servicio energía sector regresó aprox prendió igual decodificador solicito reconocimiento,,0
peticion,requerimiento competencia de otra empresa,solicito retire seguro sura llevo varias veces haciendo proceso retiro incomodo realizar pago,,0
peticion,traslado de deuda,buenos días solicitud requerir realice traslado deuda local identificado número cuenta anteriormente mencionado predio buscando diferir pago mayor cantidad meses posibles,,0
peticion,devolucion o traslado de saldo a favor,buenos días señores chec cordialmente solicito medio desembolse dinero correspondiente saldo favor cancelación factura error dos veces pertenece inmueble ubicado cra piso milán gracias,,0
peticion,"trabajos tecnicos en med, trafos, acometidas o en infraestr.",traslado personería manizales usuaria solicita mantenimiento postes luz ubicados dirección cra barrio enea toda vez mismos encuentran evidentemente deteriorados,,0
peticion,informacion general,buenos días solicito paz salvo día entidad septiembre así mismo actualizar pago página aparecen dos pendientes parece debo respecto cuenta pasada envían cobro persuasivo agradezco colaboren,,0
peticion,exencion contribucion,observaciones asunto exoneración contribución energía industriales luis alcides salazar bueno identificado cedula ciudadanía motivo presente continuar conla exención solidaridad ustedes chec ello envió rut actualizo,,0
peticion,"trabajos tecnicos en med, trafos, acometidas o en infraestr.",existe poste encuentra peligro presenta inclinación hacia viviendas evidencia pata cimentado misma intervención habitantes sector generar ornatos presento pequeño desprendimiento terreno probablemente quitándole soporte,,0
peticion,separacion temporal o pago dirigido,usuario realiza abono,,0
peticion,exencion contribucion,observaciones buenas tardes adjunto rut actualizado certificado cámara cedula solicitar amablemente exoneración contribución energía decreto agradezco colaboración recibo notificación correo yorgladysarcila gmail com muchas gracias feliz día,,0
peticion,perjuicios por falla en la prestacion del servicio,quiero interponer queja debido fallo energía computador dañó prende,,0
peticion,gestionar financiacion,usuario solicita financiación inicial,,0
peticion,cambio datos basicos,solicito realice cambio uso residencial hogar comunitario icbf cuenta aclarar beneficio actualmente domicilio traslade indicada,,0
peticion,informacion general,represento empresa tigo solicitamos conocer información causa raíz fallas prestadas días septiembre numero suscrito municipio belacarzar crea caso,,0
peticion,exencion contribucion,solicito exoneren contribucion venidoadquiriendo hace meses,,0
peticion,exencion contribucion,observaciones buenos días manera mas atenta enviamos adjunto rut actualizado llevar cabo actualización información beneficio exención contribución solidaridad quedamos atentos toda muchas gracias,,0
peticion,"trabajos tecnicos en med, trafos, acometidas o en infraestr.",solicitudes favor revisar ubicación poste dentro parqueadero cerrar permite hacerlo posible encontrar solución adicional vinieron cambiar luces postes barrio lampara cambiaron,,0
peticion,gestionar financiacion,solicitud suspensión servicio energía así mismo solicita acuerdo pago deuda factura done solo dispone usuario firmar dicho vivienda reside adulto mayor dificultades salud,,0
peticion,suspension o corte del servicio,quisiera propietario inmueble tomador contrato servicio energía eléctrica favor cumpliera corte cuenta sino capaz cancelar mes menos pueden pagar dos tres meses inmediato favo,,0
peticion,informacion general,buenos días día mes curso realizo pago servicios públicos apto cargo pudo descargar soporte podrían colaborar enviándonos,,0
peticion,informacion general,reporte falla energía antena claro,,0
peticion,exencion contribucion,dado actividad economica empresa encuentra códigos resolución dian solicitamos manera atenta exención contribución energía,,0
peticion,perjuicios por falla en la prestacion del servicio,solicito pagados daños electrodomésticos causados maniobras realizadas pasado día septiembre presente año toda vez momento reincorporar servicio energía vieron afectados maniobra realizada ustedes quemaron relación averiados dvr circuito cerrado televisión disco duro cuatro canales marca vta ref costo estimado adaptadores input output dos unidades dañadas puerto hdmi televisor kalley led uhdsfbt,,0
peticion,separacion temporal o pago dirigido,usuario solicita abono,,0
peticion,informacion general,liquidación total deuda factura proceso ejecutivo incumplimiento pago inquilino,,0
peticion,devolucion o traslado de saldo a favor,error pagado dos veces factura pago via pagina web bancolombia septiembre referencia página chec epm cada mismo solicito cordialmente devolución,,0
peticion,gestionar financiacion,solicito amable ayuda enviándome factura pago total debe diferido sanitaria,,0
peticion,perjuicios por falla en la prestacion del servicio,solicitud reconocimiento daños electrodomésticos explosión transformador,,0
peticion,informacion general,respetuosamente solicito chec grupo epm instalar brevedad medidor bidireccional requerido medición consumos entregas energía según establecido derecho leyes regulación vigente,,0
peticion,terminacion del contrato,dando continuidad requerimiento septiembre solicitamos envío factura cancelación servicio retiro contador cuenta enviar dicha correo yorlondo davivienda com,,0
peticion,terminacion del contrato,respuesta oficio enviado chec sep dar solicitud suspensión definitiva contador energía sector san marcel manizales adjuntan documentos solicitados,,0
peticion,informacion general,llevo aproximadamente dias llamando linea atencion ext acerque sucursal manizales parque caldas dicen debo seguir servi fiador tarjeta chec pusieron dia requiero saber descuento pago,,0
peticion,cambio datos basicos,solicito cambio titular factura compre casa adjunto certificado tradición fotocopia cedula nuevo propietario hernan emilio ospina mejia,,0
peticion,perjuicios por falla en la prestacion del servicio,llevamos días sector energía pronto viene inmediato bajones trabajando casa perjudicó disco duro dañando causa peligrando demás electrodomésticos emvariaschat emvarias com trate,,0
peticion,"trabajos tecnicos en med, trafos, acometidas o en infraestr.",requiero revisión línea primaria cambiaron redes recalentando acometida llega mina adicional motores funcionando debe ser debido remodelación hizo sector,,0
peticion,perjuicios por falla en la prestacion del servicio,reporte falla electrodomésticos televisor serial rmpg evento ocurrido día octubre circuito fuente marmato escucha explosión fuerte,,0
peticion,perjuicios por falla en la prestacion del servicio,buenas noches presente solicitar ayuda dado apagón día ayer afecto televisor marca daño quedo pantalla negra igual decodificador empresa une sucedió,,0
peticion,perjuicios por falla en la prestacion del servicio,falla energía debido explosión transformación día octubre daño televisor,,0
peticion,terminacion del contrato,suspender contador debido local une contiguo utilizará solo,,0
peticion,exencion contribucion,solicitud exención contribución trata ley reglamentada bajo decreto diciembre autorización inspección proyecto aptos reserva campestre construye pranha urbano,,0
peticion,"trabajos tecnicos en med, trafos, acometidas o en infraestr.",visita técnica urgente funcionario chec epm revise toda red propiedad pasa conjunto colinas café ordene mantenimiento técnico necesario ver anexos,,0
peticion,informacion general,información detallada consumo funciona costo kilovatio horas pico normal diferente estación combustible propiedad,,0
peticion,"trabajos tecnicos en med, trafos, acometidas o en infraestr.",requiero información permitido existe algún riesgo convertir jardines área intervenida servicios públicos domiciliarios mediante servidumbre luz agua electricidad,,0
peticion,reconexion,agradezco restablecimiento servicio suspendido falta pago actividades agrícolas podido avanzar gracias favor avisar restablecer,,0
peticion,informacion general,política pago facturas cerrada abusiva usuarios solo pueden pagar primeros días mes ocasionando traumas innecesarios abusos facturación factura pagada agosto obligan adicionales,,0
peticion,cambio datos basicos,favor llega factura física solicito enviada dirección descrita gracias mitaca calle torre apto,,0
peticion,cambio datos basicos,buenos días solicito comedidamente cambio propietario inmueble cra apto ankara base datos gracias,,0
peticion,requerimiento competencia de otra empresa,calidad propietario titular cuenta energía solicito colaboración retirado seguro vida aparece factura total conceptos muchas gracias atención,,0
peticion,exencion contribucion,observaciones buenas tardes adjunto rut actualizado continuar exoneración solicitada mes abril,,0
peticion,terminacion del contrato,virtud trámite adelanta través radicado solicito factura pagar costos técnicos retiro definitivo servicio tramite cancelación definitiva chec requiere pago continuar,,0
peticion,informacion general,realizamos doble pago factura luz solicito abonar reembolsar dinero así mismo cancelar aviso suspensión acta número atención gracias,,0
peticion,terminacion del contrato,hace varias semanas solicitado suspensión servicio suministro energía instalado zona wifi ave parque santa teresita respuesta positiva alguna consecuencia espero oportunidad cese cobro,,0
peticion,gestionar financiacion,solicite diferir ningun mes solicito reversion aplicacion pagos anteriores,,0
peticion,perjuicios por falla en la prestacion del servicio,buenas tardes septiembre siendo medio dia encontraba viendo momento sono estruendo durisimo apago quiso volver prender solicito rta primer vez descarga edificio ocasión veo afectada,,0
peticion,poda de arboles,presente propósito solicitar mantenimiento redes media tensión dirigen hacia central beneficio ínsula ubicada vía chinchina marsella pues evidencia fotos adjuntas árboles,,0
peticion,"trabajos tecnicos en med, trafos, acometidas o en infraestr.",peticion retirada acometida señores chec exijo reubicacion realizaron dia ayer barrio linda sector pesebre autorizacion encima techo permiso ningun momento quiero cableado vivienda,,0
peticion,perjuicios por falla en la prestacion del servicio,solicita reconozca parque chec equipo continuación descrito debido pasado septiembre tras varios fallos arreglos sector ups encontraba servidor quemó registrar voltaje entrada mayor ver anexo,,0
peticion,perjuicios por falla en la prestacion del servicio,solicitud reconocimiento daño equipo electrico,,0
peticion,"trabajos tecnicos en med, trafos, acometidas o en infraestr.",rad requiere cotice servicio mantenimiento costo,,0
peticion,"trabajos tecnicos en med, trafos, acometidas o en infraestr.",revision completa medio presente solicito revisado contador energía display granja santa ana días anteriores presento falla permitiendo lectura consumo real momento corriente dicho predio sobrepaso capacidad nominal lector pudo ocasionar daño mencionado visita técnica tendientes detección,,0
peticion,emision de documento para pago,favor pedes enviar factura pagar numero cuenta,,0
peticion,exencion contribucion,envío rut actualizado compañía cemex colombia según guía paso,,0
peticion,"trabajos tecnicos en med, trafos, acometidas o en infraestr.",rad favor programar retiro sellos contador día enero correspondiente cobrarlo número cuenta sola cuota,,0
peticion,"trabajos tecnicos en med, trafos, acometidas o en infraestr.",fin realizar demolición casa ubicada cra barrio carola parte mall plaza constructora cfc requiere traslado manera provisional medidor perteneciente cuenta nombre comcel seria poste frente vivienda acometida saldría aérea estación base,,0
peticion,cambio datos basicos,rad requiere cambio nombre edificio mirador trebol,,0
peticion,exencion contribucion,rad adjunto información solicitada exoneracion,,0
peticion,emision de documento para pago,favor ayudarme factura pendiente pago pertenece cuenta finca perla vereda estrella riosucio caldas,,0
peticion,cambio datos basicos,rad requiere cambio nombre edificio mirador trebol,,0
peticion,exencion contribucion,rad verificar clase uso servicio definir areas comunes adjunto información solicitada exoneracion,,0
peticion,informacion general,rad solicitud constancia pago paz salvo servicios casas proyecto viterbo sociedad luis ángel pérez román sas nit,,0
peticion,exencion contribucion,dando cumplimiento decreto relaciono cuentas medidores continuar beneficio tributario adjunta rut actualizado verificación,,0
peticion,cambio datos basicos,adjunto rut actualizado adicional cliente solicita cambio nombre factura,,0
peticion,"trabajos tecnicos en med, trafos, acometidas o en infraestr.",día sábado febrero presento funcionario chec realizar respectiva inspección contador energía ubicado finca puebla rio manifiesta equipo caja encuentran malas condiciones deben ser cambiados solicitamos enviar cotización formal equipos instalación proceder autorización traba,,0
peticion,informacion general,agradecemos colaboración partir lecturas medidor servicio energía eléctrica finca puebla rio número cuenta solicitados portería industrias básicas caldas así funcionarios acompañará funcionario,,0
peticion,cambio datos basicos,agradezco atención prestada solicitud adjunto copia paz salvo predial ultima factura momento alcaldía facturando temas liquidación,,0
peticion,gestionar financiacion,hago solicitud financiar pago ultima factura correspondiente consumo mes septiembre,,0
peticion,"trabajos tecnicos en med, trafos, acometidas o en infraestr.",favor puedes colaborar indicando puede hacer apertura circuito psv fin desenergizar nodo poder montaje transformador aprobado,,0
peticion,cambio datos basicos,adjunto certificado libertad tradición actualizado cuenta proceder cambio titularidad,,0
peticion,"trabajos tecnicos en med, trafos, acometidas o en infraestr.",reubicar acometida vivienda proceso genere ninguna clase costo ver documento adjunto,,0
peticion,exencion contribucion,adjunto rut continuidad exención contribución,,0
peticion,informacion general,manera respetuosa dirijo ustedes fin solicitar copia factura últimos meses digitex sede bolívar ubicado calle centro ciudad determinar consumos implementar planes mejora frente dentro mencionada empresa,,0
peticion,informacion general,presente acudo ustedes solicitarles manera cordial información acerca consumo energía woltios precio condominio aeropuerto nit enero diciembre,,0
peticion,informacion general,presente acudo ustedes solicitarles manera cordial información acerca consumo energía woltios precio condominio aeropuerto nit enero diciembre,,0
peticion,"trabajos tecnicos en med, trafos, acometidas o en infraestr.",solicitamos cotización mantenimiento transformador condominio chec,,0
peticion,"trabajos tecnicos en med, trafos, acometidas o en infraestr.",solicito manera mas atenta revizar tema contador electrico casa mzna puerta sol manana encuentra dañado poder cambiarlo propietario asumir costo cambio dicho instlado suministrado podemos dar garantia per necesitamos parte ustedes,,0
peticion,requerimientos sspd o sic,solicita informe tramite dado escrito,,0
peticion,exencion contribucion,rut actualizado productos lacteos san felix,,0
peticion,cambio datos basicos,solicito amablemente colaboración posibilidad todas facturas relacionadas principio correo lleguen manera oportuna físico carrera calles oficina secretaría general solamente queden cargadas portal ingreso constantemente usuario serviciospublicos gobernaciondecaldas gov,,0
peticion,cambio datos basicos,solicito amablemente colaboración posibilidad todas facturas relacionadas principio correo lleguen manera oportuna físico carrera calles oficina secretaría general solamente queden cargadas portal ingreso constantemente usuario serviciospublicos gobernaciondecaldas gov,,0
peticion,cambio datos basicos,solicito amablemente colaboración posibilidad todas facturas relacionadas principio correo lleguen manera oportuna físico carrera calles oficina secretaría general solamente queden cargadas portal ingreso constantemente usuario serviciospublicos gobernaciondecaldas gov,,0
peticion,exencion contribucion,exencion contribucion actualizacion rut maderas oriente,,0
peticion,cambio datos basicos,solicito amablemente colaboración posibilidad todas facturas relacionadas principio correo lleguen manera oportuna físico carrera calles oficina secretaría general solamente queden cargadas portal ingreso constantemente usuario serviciospublicos gobernaciondecaldas gov,,0
peticion,cambio datos basicos,solicito amablemente colaboración posibilidad todas facturas relacionadas principio correo lleguen manera oportuna físico carrera calles oficina secretaría general solamente queden cargadas portal ingreso constantemente usuario serviciospublicos gobernaciondecaldas gov,,0
peticion,requerimientos sspd o sic,bajo radicado asunto recibio copia escrito dirigido entidad solicita informe tramite dado mencion,,0
peticion,cambio datos basicos,solicito amablemente colaboración posibilidad todas facturas relacionadas principio correo lleguen manera oportuna físico carrera calles oficina secretaría general solamente queden cargadas portal ingreso constantemente usuario serviciospublicos gobernaciondecaldas gov,,0
peticion,cambio datos basicos,solicito amablemente colaboración posibilidad todas facturas relacionadas principio correo lleguen manera oportuna físico carrera calles oficina secretaría general solamente queden cargadas portal ingreso constantemente usuario serviciospublicos gobernaciondecaldas gov,,0
peticion,requerimientos sspd o sic,requiere copia respuesta jessica hernandez arcila cables sueltos rotos mal,,0
peticion,"trabajos tecnicos en med, trafos, acometidas o en infraestr.",cables sueltos rotos mal debe enviar respuesta super correo alertasenergiaygas superservicios gov,,0
peticion,requerimiento competencia de otra empresa,rad elevo queja empresa mes marzo realizaron cobro concepto alumbrado público embargo curso incrementó doble pues cobraron justificación alguna adicional inmuebles centros comerciales solo cobran tarifa pesos cua,,0
peticion,"trabajos tecnicos en med, trafos, acometidas o en infraestr.",favor puedes colaborar revisión redes alimentan finca propiedad señor jorge iván mejía álvarez ubicada vereda paloma municipio palestina identificada cuenta energía usuario manifiesta muchas dificultades prestación servicio parecer vegetación,,0
peticion,requerimiento competencia de otra empresa,exigimos alumbrado público sector barrio cerros monserrate incluyendo calles carreras zonas verdes vías acceso,,0
peticion,requerimiento competencia de otra empresa,exigimos alumbrado público sector barrio cerros monserrate incluyendo calles carreras zonas verdes vías acceso,,0
peticion,requerimiento competencia de otra empresa,exigimos alumbrado público sector barrio cerros monserrate incluyendo calles carreras zonas verdes vías acceso,,0
peticion,requerimiento competencia de otra empresa,exigimos alumbrado público sector barrio cerros monserrate incluyendo calles carreras zonas verdes vías acceso,,0
peticion,requerimiento competencia de otra empresa,exigimos alumbrado público sector barrio cerros monserrate incluyendo calles carreras zonas verdes vías acceso,,0
peticion,requerimiento competencia de otra empresa,exigimos alumbrado público sector barrio cerros monserrate incluyendo calles carreras zonas verdes vías acceso,,0
peticion,requerimiento competencia de otra empresa,exigimos alumbrado público sector barrio cerros monserrate incluyendo calles carreras zonas verdes vías acceso,,0
peticion,requerimiento competencia de otra empresa,exigimos alumbrado público sector barrio cerros monserrate incluyendo calles carreras zonas verdes vías acceso,,0
peticion,requerimiento competencia de otra empresa,exigimos alumbrado público sector barrio cerros monserrate incluyendo calles carreras zonas verdes vías acceso,,0
peticion,requerimiento competencia de otra empresa,exigimos alumbrado público sector barrio cerros monserrate incluyendo calles carreras zonas verdes vías acceso,,0
peticion,requerimiento competencia de otra empresa,exigimos alumbrado público sector barrio cerros monserrate incluyendo calles carreras zonas verdes vías acceso,,0
peticion,requerimiento competencia de otra empresa,exigimos alumbrado público sector barrio cerros monserrate incluyendo calles carreras zonas verdes vías acceso,,0
peticion,requerimiento competencia de otra empresa,exigimos alumbrado público sector barrio cerros monserrate incluyendo calles carreras zonas verdes vías acceso,,0
peticion,requerimiento competencia de otra empresa,exigimos alumbrado público sector barrio cerros monserrate incluyendo calles carreras zonas verdes vías acceso,,0
peticion,requerimiento competencia de otra empresa,exigimos alumbrado público sector barrio cerros monserrate incluyendo calles carreras zonas verdes vías acceso,,0
peticion,requerimiento competencia de otra empresa,exigimos alumbrado público sector barrio cerros monserrate incluyendo calles carreras zonas verdes vías acceso,,0
peticion,requerimiento competencia de otra empresa,exigimos alumbrado público sector barrio cerros monserrate incluyendo calles carreras zonas verdes vías acceso,,0
peticion,requerimiento competencia de otra empresa,exigimos alumbrado público sector barrio cerros monserrate incluyendo calles carreras zonas verdes vías acceso,,0
peticion,requerimiento competencia de otra empresa,rad exigimos alumbrado público sector barrio cerros monserrate incluyendo calles carreras zonas verdes vías acceso,,0
peticion,"trabajos tecnicos en med, trafos, acometidas o en infraestr.",primer lugar parte alta escalera acceso carrera encuentra poste alumbrado público presenta alto grado inclinación parecer sostenido cables energía usuarios barrio árboles sector encuentran lazados hace tempestad brisas fuert,,0
peticion,requerimientos sspd o sic,rad requiere informacion tramite dado angela maria villegas muñoz solicitudes,,0
peticion,informacion general,buenos días realice denuncia chec sura publica engañoza estafadores ladrones pagando seguro accidente dentro casa nunca respondieron entiendo recibo cobraron meses iguales aparece cobro moratoria facturas atrazada anexos,,0
peticion,informacion general,verificar exista servicio energia requiere certificado nombre alcaldia diga bomberos manizales cuenta,,0
peticion,exencion contribucion,solicitud continuidad exención contribución,,0
peticion,exencion contribucion,actualización rut federación nacional cafeteros colombia chec,,0
peticion,requerimiento competencia de otra empresa,solicito manera respetuosa deje cobrar seguro entidad remita empresa aseguradora solicitud quiero mas servicio,,0
peticion,requerimientos entes oficiales o entidades externa,prestan servicio público domiciliario inmueble tiempo prestado suspensión mismo contador sido retirado caso afirmativo dio reconexión reinstalación solicitud quién,,0
peticion,cambio datos basicos,usuario solicita cambio nombre laejandro orozco construcciones mauricio llano giraldo aporta certiifcado tradiccion leasing copia cedula factura chec,,0
peticion,terminacion del contrato,solicitamos terminacion contrato,,0
peticion,modificacion de infraestructura por incumplimiento,acuerdo respuesta dicen pagar correr lineas energía anterior solicito informen norma ley decreto resolución etc determina reubicacion red pasa encima casa,,0
peticion,requerimientos entes oficiales o entidades externa,traslado claro prestación servicio antena ubicada balboa octubre proceso ant,,0
peticion,"trabajos tecnicos en med, trafos, acometidas o en infraestr.",cordialmente solicitamos cambio sitio conexión acometida inmueble propiedad icbf regional caldas ubicado dirección cll ciudad manizales cuya cuenta ubicación medidor actual aproximadamente metros posee toma tierra adjunta registro fotográfico ser posible programar visita atentos acompañarlos,,0
peticion,exencion contribucion,solicita exención contribución,,0
peticion,cambio datos basicos,informa razón social agrícola argentina cambio sas,,0
peticion,requerimientos sspd o sic,traslado queja cliente carlos andres hoyos demora reparar daño predio pesar realizar varios reportes,,0
peticion,requerimientos sspd o sic,sspd traslado caso nombre señor jose uvecio atendido proceso,,0
peticion,requerimientos sspd o sic,hernando giraldo gallego,,0
peticion,emision de documento para pago,instituto colombiano bienestar,,0
peticion,"trabajos tecnicos en med, trafos, acometidas o en infraestr.",flores ramirez olga espera,,0
peticion,informacion general,jorge ivan henao ramirez,,0
peticion,devolucion o traslado de saldo a favor,consorcio torres alta suiza,,0
peticion,cambio datos basicos,william valencia gomez,,0
peticion,exencion contribucion,rad exencion contribucion rut actualizado muebles santa,,0
peticion,"trabajos tecnicos en med, trafos, acometidas o en infraestr.",rad instalacion transformador red electrica zona rural,,0
peticion,"trabajos tecnicos en med, trafos, acometidas o en infraestr.",rad solicitud compra trasnformador kva finca naranjos vereda cristalina sector tres puertas,,0
peticion,emision de documento para pago,rad favor pedes enviar factura pagar numero cuenta,,0
peticion,requerimientos entes oficiales o entidades externa,rad permito aclare entidad usted representa autoriza medidores lugares internos construcciones respuesta extraña entendemos toma registros consumo deben ubicarse lugar empleado suministra energía tome tales,,0
peticion,exencion contribucion,verificar direccion actividad economica solicita exencion primera vez,,0
peticion,emision de documento para pago,rad medio presente solicito faciliten facturas central hidroelectrica caldas números contrato servicios nombre telmex,,0
peticion,emision de documento para pago,rad medio presente solicito faciliten facturas central hidroelectrica caldas números contrato servicios nombre telmex,,0
peticion,cambio datos basicos,rad solicitud cambio nombre suscriptor,,0
peticion,emision de documento para pago,rad parte atentamente solicitamos envíen forma digital nuevamente factura servicios energía incluido saldo anterior número cuenta proceder inmediato gestión pago dada aclaraciones recibidas,,0
peticion,emision de documento para pago,rad medio presente solicito facilite factura central hidroelectrica caldas número contrato servicio nombre telmex,,0
peticion,requerimiento competencia de otra empresa,rad facturacion servicio energia estan cobrando tarifa alumbrado dar revision tarifas publico pues,,0
peticion,devolucion o traslado de saldo a favor,rad facturas mes enero cancelaron nuevamente febrero parte inferior relacionan números cuenta respectivos valores archivos adjuntos encuentran soportes pago respectivas fechas solicitando comedidamente validar información quedaríamos saldo favor podría descontar,,0
peticion,devolucion o traslado de saldo a favor,rad facturas mes enero cancelaron nuevamente febrero parte inferior relacionan números cuenta respectivos valores archivos adjuntos encuentran soportes pago respectivas fechas solicitando comedidamente validar información quedaríamos saldo favor podría descontar sig,,0
peticion,devolucion o traslado de saldo a favor,rad facturas mes enero cancelaron nuevamente febrero parte inferior relacionan números cuenta respectivos valores archivos adjuntos encuentran soportes pago respectivas fechas solicitando comedidamente validar información quedaríamos saldo favor podría descontar,,0
peticion,requerimientos sspd o sic,superintendencia solicita siguiente reporte interrupciones servicio meses julio diciembre indicando código circuito causa duración condiciones identificado empresa afectan continuidad energía sector comunidad san jose bonafont resguardo indígena escopetera pirza rio sucio caldas acciones adelantadas mejorar calidad envió información conceden dias favor tenerlo cuenta,,0
peticion,cambio datos basicos,requiere cambio titular servicio provisional aparecía nombre constructor pasa propietario,,0
peticion,requerimiento competencia de otra empresa,usuario manifiesta cobrando servicio seguro solicitado llegando cada vez mas caro,,0
peticion,requerimiento competencia de otra empresa,peticionaria través sspd solicita cobre impuesto alumbrado público factura pues gozan,,0
peticion,requerimientos sspd o sic,sspd solicita copia respuesta tramite dado usuario daniel fernando rodriguez franco,,0
peticion,requerimiento competencia de otra empresa,cliente través sspd solicita cobren alumbrado publico factura cuenta servicio sector,,0
peticion,requerimiento competencia de otra empresa,solicita retiro plan exequial vive predio,,0
peticion,"trabajos tecnicos en med, trafos, acometidas o en infraestr.",propiedad pasan unas líneas alta tensión pertenecen chec vientos presentando momento hicieron juntaran generando chispas cayeron ocasionaron incendio grandes proporciones pide mejora configuracion evitar pasado adjunta fotos números cuentas contratos ubicación solicitantes marco aurelio echeverr mejia david echeverri roldan teléfonos,,0
peticion,"trabajos tecnicos en med, trafos, acometidas o en infraestr.",propiedad pasan unas líneas alta tensión pertenecen chec vientos presentando momento hicieron juntaran generando chispas cayeron ocasionaron incendio grandes proporciones pide mejora configuracion evitar pasado adjunta fotos números cuentas contratos ubicación solicitantes marco aurelio echeverr mejia david echeverri roldan teléfonos,,0
peticion,cambio datos basicos,buenas noches presente comunicación solicitar cambio nombre suscriptor predio rural ubicado cuchilla salado municipio manizales anexo última factura cancelada documento oficina registro instrumentos públicos,,0
peticion,requerimiento competencia de otra empresa,buenos días petición favor colaboren cancelación producto seguros rsa aparece factura estube averiguando oficinas chec dosquebradas informan sistema poderlo cancelar informaron medio podían colaborar gracias atención colaboración prestada cualquier información llamar,,0
peticion,"trabajos tecnicos en med, trafos, acometidas o en infraestr.",solicita desplazar poste impide libre circulación vía comunal contrato cambio luminaria,,0
peticion,traslado de deuda,cuenta retiro definito traslada,,0
peticion,traslado de deuda,proceso derivado respuesta miriam lucia quiceno tigo,,0
peticion,traslado de deuda,traslado saldo favor cuenta proceso miriam lucia quiceno tigo,,0
peticion,gestionar financiacion,buenas tardes acuerdo hablado voy cancelar saldo podria pagar muchas gracias atención quedo atentaen conversación telefonica cliente solicita abonar aún cuenta nombre ademas cambio poder hacer financiación,,0
peticion,pago de la factura de otro usuario,solicita aplicar pago realizado marzo mediante orden presupuestal aclara corresponde establecimiento carcelario riosucio pensilvania indica error involuntario pagadora inpec regional viejo caldas actualización factura quede intereses mora entes control exigen,,0
peticion,requerimientos entes oficiales o entidades externa,directora encarga epmsc aguadas caldas yuly esledy roman lopez mediante oficio atendiendo instrucciones dirección general inpec acuerdo momento atraviesa pais mundo entero expansión covid según directiva presidencial austeridad gasto público permito solicitarles siguiente garantizar operación energía eléctrica alumbrado estableciendo cobreo intereses sobretasa cobros relacionados consumos,,0
peticion,informacion general,motivos emergencia manifiesta declarada presidencia república virtud aislamiento obligatorio empresa prestadora servicio oxígeno medicinal atiende caso ser paciente dependiente dispuesto proporcionar concentrador oxigeno eléctrico tener reservar cilindros nacional tal motivo solicito energía chec cobrar consumo así cuento recursos económicos asumir gasto adicional ello adulta mayor años hipertensión pulmonar madre cabeza familia responsable joven discapacidad total permanente,,0
peticion,cambio datos basicos,buenas tardes envió documentos solicitados cambio nombre solicitud anterior,,0
peticion,"trabajos tecnicos en med, trafos, acometidas o en infraestr.",solicita desplazar poste impide libre circulación vía comunal contrato cambio luminaria,,0
peticion,informacion general,maria gladys rendon hernandez cédula ciudadania número domiciliada calle barrio argentina manizales hago siguiente petición pido ustedes exoneren cargos fijos vinculados apartamento propiedad ubicado conjunto residencial torres altamira porqu encuentra desocupado marzo cursantes menos abril ídem administración tal edificio permite alli trasteo ninguna índole,,0
peticion,informacion general,dando cumplimiento oficio emitido dirección general inpec solicito amablemente viabilidad dicho requerimiento,,0
peticion,informacion general,solicito amablemente aclaración cobro generados tres últimos meses servicio energía establecimiento epams dorada matricula bien cierto paga ven reflejados sigue cobrando intereses deuda cancelada anexo órdenes pago revisión manejo cada cuenta realiza seguimiento anterior consumo mes valores factura diciembre coherentes favor discriminar adeudado tener pagos vienen realizando concepto así mismo revisar vez solo debería cuales podemos cancelar caer detrimento patrimonial ser entes relación paz salvo,,0
peticion,emision de documento para pago,buenas tardes agradecemos puedan enviar facturas correspondientes marzo comestibles mapy sas nit números cuenta,,0
peticion,emision de documento para pago,buenas tardes agradecemos puedan enviar facturas correspondientes marzo comestibles mapy sas nit números cuenta colaboración,,0
peticion,reconexion,jaime andres mailto jaimeandresperezl gmail com enviado martes abril atencion tecnica clientes atenciontecnicadeclientes chec asunto reconexion energia nombre liliana patricia londoño cedula informacion inmueble direccion manzana casa barrio primavera azul celular correo electronico,,0
peticion,requerimientos entes oficiales o entidades externa,indica acá denunciante señora martha cecilia mes enero suspendido servicio luz elevar solicitud chec encontraba día pagos informado reposaba cambio suscriptor dentro documentos aportados dicha contrato compraventa aduce además dirección inmueble carrera calle polideportivo bajo barrio arenal villamaría caldas requiere documentación original llevar cabo correspondientes estudios parte perito,,0
peticion,traslado de deuda,cuenta retiro definito traslada,,0
peticion,traslado de deuda,proceso derivado respuesta miriam lucia quiceno tigo,,0
peticion,traslado de deuda,traslado saldo favor cuenta proceso miriam lucia quiceno tigo,,0
peticion,perjuicios por falla en la prestacion del servicio,usuaria informa presenta daño equipo electrico día marzo escucho fuerte explosión inmediato quedamos servicio energía,,0
peticion,informacion general,solicito valiosa colaboración acogerme alivio difieran pago presente factura tiempo estipulado oficio anexo,,0
peticion,gestionar financiacion,solicitud diferir cuotas saldo pagar contingencia covid establecimiento restaurante postrera cerrado marzo ingresos hace dias gracias,,0
peticion,informacion general,cuenta circunstancias emergencia sanitaria encuentra país impacto generado sector productivo finanzas familiares personales estudiantes matrícula hacen viable sostenibilidad institución amablemente solicitamos posibilidad ser posible subsidien servicios públicos dado caso facturación realice estrato anterior permito anexar oficio doctor william jimenez salgar coordinador grupo infraestructura física número,,0
peticion,gestionar financiacion,dirijo preocupación poder financiar deuda empresa servicios públicos meses cuento momento trabajo causa covic att gladys mora montilla carrera palmas,,0
peticion,pago de la factura de otro usuario,reciban manera atenta expongo siguiente caso sucedido mes anterior respecto factura energía numero cuenta municipio rio caldas consumo febrero marzo cancelo oportuna indica evidencia sucede momento reportarla empresa ingrese corresponde tal motivo aplicado pago correspondiente generando cobro mora quedo comentarios adjuntan evidencias reporte realizado copia mencionada,,0
peticion,poda de arboles,oficio días anteriores manifestado oficinas requerimiento sugerencia coorpocaldas solicitud vecino manifiesta riesgo cuenta arboles dentro predio denominado aguila ubicado kilometro camino conduce pácora alto herrero toda vez dichos comprometen líneas energía así mismo acerca temporada invierno acudo nuevamente ustedes favor atiendan oportunamente situación evitara posible tragedia anexa,,0
peticion,pago parcial,solicita pago parcial debido emergencia covid,,0
peticion,informacion general,financiación costo mensual adeudados empresa servicio público esencial electricidad vivienda ubicada carrera barrio colombia,,0
peticion,revision presunto sap,ingresa investigacion previa pliego cargos emitido parte superservicios presunto silencio administrativo positivo sap,,0
peticion,aplicacion beneficio propiedad o venta de activos,manera respetuosa michael nni dirijo ustdes fin elevar siguientes peticiones estudie posibilidad transformador particular cargado predio número cuenta luz cedido empresa chec,,0
peticion,"trabajos tecnicos en med, trafos, acometidas o en infraestr.",manera respetuosa michael nni dirijo ustedes fin elevar siguientes peticiones igualmente pido poste luz dentro predio trasladado vía pública pues existente corroído puede representar peligro familia,,0
peticion,cambio datos basicos,manera respetuosa michael nni dirijo ustedes fin elevar siguientes peticiones cambiado nombre titular factura número cuenta luz pues aparece anterior propietaria adjunto petición documentos certifican propietario inmueble referenciada,,0
peticion,cambio de uso,revisar realizar debidas correcciones pronto posible siguientes números cuentas hace venido cobrando clase servicio industrial propiedad uso residencial,,0
peticion,cambio de uso,revisar realizar debidas correcciones pronto posible siguientes números cuentas hace venido cobrando clase servicio industrial propiedad uso residencial,,0
peticion,gestionar financiacion,medio carta dirigimos ustedes favor ayuden financiar factura servicio chec numero cuenta tiempo financiación cuotas anexo datos fotos contrato arrendamiento cédulas,,0
peticion,perjuicios por falla en la prestacion del servicio,permito comunicarles noche pasado jueves treinta abril presento falla eléctrica lugar vivo tras dos intentos intermitentes rehabilitar servicio finalmente pasada media restableció energía localidad casa lavadora funcionando ruido panel control parpadeos luces indicadoras mismo posteriormente dejo funcionar,,0
peticion,gestionar financiacion,motivo presente pedirles favor financiar facturas luz meses debido infortunio pandemia afectado nivel nacional internacional propietario casa ubicada quintas campestre manzana dosquebradas departamento risaralda,,0
peticion,gestionar financiacion,usuario requiere petición pagar parte recibo podemos pagarlo totalidad favor indican monto mínimo ustedes podamos cancelar muchas gracias,,0
peticion,perjuicios por falla en la prestacion del servicio,día marzo presente año presentó corte energía sector cable trajo consecuencia quemada tarjeta inteligente televisor marca pulgadas según factura número andres uribe velez nit costo hecho presento específicamente edificio barlovento ubicado calle apartamento anterior novedad reportada mismo obteniendo respuesta chec informaban sido realizadas labores reparación así cosas solicito verifique evento sucedido mencionado haga reconocimiento daño materia reclamación,,0
peticion,gestionar financiacion,usuario requiere financiar factura meses local funciona restaurante cerrado,,0
peticion,gestionar financiacion,requiere caducar financiación pago total obligaciones chec proceder retiro definitivo servicio provisional obra correo solicitud adjunto proceso contacto salgadoing hotmail com,,0
peticion,requerimientos sspd o sic,sspd envía recurso queja cliente cuual traslará dicha entidad competentes,,0
peticion,requerimiento competencia de otra empresa,presente adjuntar recibos energía varios usuarios vereda potreros fin evidenciar cobro alumbrado público tenerlo consideramos injusto pagar pues ninguno cuenta postes similar intentado enviar pqr chec después diligenciar formato permite envío atentos observaciones recomendaciones respecto,,0
peticion,direccion incorrecta,favor agregar piso dirección,,0
peticion,direccion incorrecta,usuario solicita agragar dirección piso,,0
peticion,requerimientos sspd o sic,ser tema competencia enviamos comunicación adjunta correo radicación trámite recuerde conformidad artículo ley vez radicada deberá informar ciudadano vía electrónico recepción entidad recibido número asignado superintendencia servicios públicos domiciliarios forwarded message jose gregorio renteria josegregorio pereira gov date lun may subject recurso reposición subsidio apelación atencionalcliente chec com sspd superservicios gregory gregoriorente hotmail,,0
peticion,gestionar financiacion,motivo correo solicitartes favor ayuden finaniacion fcatura energia numero cuenta ubicado cra barrio obrero dorada caldas,,0
peticion,requerimientos sspd o sic,asunto copia radicado mediante recibió superintendencia servicios públicos domiciliares dirección territorial occidente medellín reclamación remitida representante legal empresa esmeralda riosucio señora isabel cristina morales zuluaga identificada cédula ciudadanía manifiesta inconformidad cobros relacionados facturación cuenta pone conocimiento entidad dicha solicitud comedidamente solicito tramite dado petición,,0
peticion,requerimiento competencia de otra empresa,abril pague cuotas plan exequial aurora factura recibo junio mayo evidencia pago aparece pendiente anexo comprobante adjunta foto,,0
peticion,reinstalacion,usuario solicita reactivacion cuenta presenta deuda contacto,,0
peticion,requerimientos sspd o sic,atención queja allegada agencia ministerio publico parte señor jhon jaime duque díaz identificado manifiesta disgusto incremento factura luz pesos igual manera pasa servicio tigo une últimos dos meses aumentado justificación realizado múltiples llamadas nunca podido establecer comunicación asesor conforme anterior importante advertir prestador debe emitir respuesta petición reclamo recurso reposición dentro términos ley previstos artículo subrogado decreto decir días hábiles contados partir radicación,,0
peticion,informacion general,traslado competencia aguas manizales radicado usuario solicita revise reajuste factura consumo energía domiciliaria cuanto incrementado exorbitantemente pagar mes mayo,,0
peticion,requerimientos sspd o sic,despacho considera prestadora central hidroelectrica caldas chec jhon jairo granada giraldo presuntamente infringió dispuesto artículo ley subrogado decreto posible falta respuesta oportuna derecho petición presentado usuaria angela maria londono marin características señaladas tabla arriba mencionada,,0
peticion,aplicacion beneficio propiedad o venta de activos,usuario solicita transformador trifásico instalado poste ubicado cra comprado chec,,0
peticion,cambio de uso,gerente teatro fundadores solicita cambio comercial oficial actualidad servicio prestado chec categorizado debido años anteriores prestaba servicios cine bolera año cuenta dichos,,0
peticion,exencion contribucion,envió documentos continuidad exención contribución pudo entregar físicamente,,0
peticion,cambio datos basicos,solicito comedidamente archivo adjunto cambio suscriptor puesto constructora aninvercon realizado entrega áreas comunes totalidad adjunta documentos validan acreditación administradora rut edificio,,0
peticion,perjuicios por falla en la prestacion del servicio,presenta documentación requerida según respuesta solicitud proceso dictamen daño cuenta cobro incluida,,0
peticion,gestionar financiacion,motivo correo solicitartes favor ayuden finaniacion fcatura energia numero cuenta ubicado calle barrio obrero dorada caldas,,0
peticion,requerimiento competencia de otra empresa,suplico revisen factura luz ayuden puede ser pague consumo mensualmente cobren alumbrado público consultorio odontología metros cuadrados además pago area común odontólogos área comú,,0
peticion,valores congelados,deja saldo revisión mientras sspd emite respuesta recurso apelación,,0
peticion,cambio de uso,gerente teatro fundadores solicita cambio comercial oficial actualidad servicio prestado chec categorizado debido años anteriores prestaba servicios cine bolera año cuenta dichos,,0
peticion,cambio datos basicos,realiza cambio segun correo remitido alcaldia mpal junio,,0
peticion,devolucion y/o copia de documentos,myriam escobar repetidas ocasiones genere llamadas numero atención atendieron colgaron solicito formalmente haga envío facturas mes enero hoy razones tributarias cuenta,,0
peticion,reinstalacion,usuario solicita reactivacion cuenta aprobado área jurídica requiere financiación contacto,,0
peticion,informacion general,cómo puedo pagar nueva factura través internet aun aparece corregido web,,0
peticion,terminacion del contrato,gladys stella pineda agudelo identificada cédula ciudadanía manizales solicito cancelación servicio nombre ubicado municipio merced departamento caldas dirección sec estadio obra número medidor,,0
peticion,reinstalacion,requiere activación cuenta solicitud usuario contacto,,0
peticion,requerimiento competencia de otra empresa,peticiionaria traves sspd solicita traslade peticion enelar tener alumbrado publico parque sector,,0
peticion,tramite recurso de queja sspd,recurso queja presentado señor carlos andres sanchez garcia radicado sspd junio notificado chec día resolución mayo,,0
peticion,reinstalacion,usuario solicita reactivacion cuenta contacto,,0
peticion,valores congelados,deja saldo revisión sspd falle recurso apelación,,0
peticion,requerimientos entes oficiales o entidades externa,despacho fiscal dirección justicia transicional grupo bienes,,0
peticion,requerimiento competencia de otra empresa,peticionario indica ilegal cobro alumbrado publico acuerdo estabelcido laley articulo,,0
peticion,perjuicios por falla en la prestacion del servicio,señora martha lucia rivera cifuentes identificada dirijo hacia ustedes fin reportar pasado domingo junio siendo afectada servicio energia sucediendo siguiente casa bombillos parpariaban bajita prendi bombillo estallo nevera marca haceb dejo funcionar llame rapidamente enviaron personal disponible revisaron voltaje super elevado diciendo problema transformador reporto daño quemeden pronta solucion causas lluvias relampagos,,0
peticion,terminacion del contrato,proceso inicial realizo pago retiro,,0
peticion,gestionar financiacion,solicito revisar factura cuenta informarme meses cancelados aparece nota debo pagar cuotas sabía atrasados inmueble arrendado oportunidad contado cancelar muchas gracias,,0
peticion,informacion general,solicitud traslado competencias superintendencia servicios públicos domiciliarios bajo radicado,,0
peticion,informacion general,solicitud traslado competencias superintendencia servicios públicos domiciliarios bajo radicado adjunto,,0
peticion,requerimiento competencia de otra empresa,solicito comedidamente den informacion casa tome arriendo mes noviembre marzo revisar último recibo pude dar cuenta cobrando seguro empresa sura pesos dinero cobrado chec meses reembolse totalidad dicho adquirí ningún contrato tal dice ley contratos personales firmados directo responsable caso arrendatario propietario,,0
peticion,informacion general,manuel arango hincapié manizales escribo preguntarles plan refinanciacion deudas periodos gracia negocios comerciales meses cuenta rapimercado cumbre ubicado cra pisos local casa comercial respectivamente inferiores smmlv agradezco atención respuesta,,0
peticion,pago de la factura de otro usuario,nombre nancy giraldo identificada cédula ciudadanía informo hice pago equivocado chec número cuenta corresponde correcto local comercial centro parque caldas manizales solicito cordialmente hacer traslado dinero pagué lado seguramente debía pagar error decir ustedes hagan quedar saldo favor entonces informen respuesta cuánto pagaría automáticamente próxima factura parte,,0
peticion,requerimientos entes oficiales o entidades externa,sspd solcita cipia delk tamite dado recurso cliente,,0
peticion,valores congelados,deja saldo revisión sspd falle recurso apelación,,0
peticion,informacion general,atención reclamación radicada usuario rodrigo botero villegas superintendencia servicios públicos domiciliarios dirección territorial occidente mayo presente año radicado referencia través señala identificado cedula ciudadanía numero expedida ciudad armenia quindío domiciliado carrera apto manizales cuenta pone conocimiento entidad dicha solicitud comedidamente solicitamos informar respuesta petición interpuesta señor número,,0
peticion,informacion general,buenos días solicitar financiación factura encuentro desempleada,,0
peticion,informacion general,trasalda competencia oficio remitido personeria manizales inconifmidad clente consumo tieen solcitudes anteriores mismo,,0
peticion,terminacion del contrato,manera atenta solicitando retiro dos contadores atendida oficina virtual adjunto documentos solicitados cuentas,,0
peticion,cambio datos basicos,agradezco atención gestión colaboración siguiente solicitud cambio titular factura según documentos adjuntos certificado libertad tradición actualizado copia cédula ciudadanía natalia marulanda gallego actual propietaria,,0
peticion,requerimientos entes oficiales o entidades externa,atención queja allegada agencia ministerio público local parte señora cindy yuliana arboleda lara identificada manifiesta inconformidad incremento desmedido servicio energía central hidroeléctrica caldas según número cuenta medidor instalado dirección calle barrio alcázares solicitamos respetuosamente allegar personería municipal copia respuesta remitida peticionario,,0
peticion,cambio de uso,solicita efectuar recategorización cobra comercial siendo residencial hacer ajustes correspondientes,,0
peticion,informacion general,buen dia solicito paz salvo entregarlo inmobiliaria millan asociados desocupamos local,,0
peticion,requerimientos sspd o sic,sspd solcita envio tramite efectuado reclamo presetnado señor alvaro rodriguez rios trasladado competencia,,0
peticion,valores congelados,deja saldo revisión sspd resuelva recurso apelación,,0
peticion,reinstalacion,usuario solicita reactivacion cuenta aporta documentación predio ubicado vda argentina fca polo zona rural,,0
peticion,requerimientos entes oficiales o entidades externa,sspd solicita copia tamite dado queja señora lina maria hoyos espinosa,,0
peticion,reclamacion extemporanea o agotada la via administ,eme reciba pagos factura conforme llego registro fisico pues hogar solo vivimos tres personas existido aletraciones epoca pandemia fugas pretenden pague triple normalmente consumimos exijo permitan pagar casa fisica inconsedible deba errores funcionarios chec,,0
peticion,terminacion del contrato,manera atenta solicitando retiro dos contadores atendida oficina virtual adjunto documentos solicitados cuentas,,0
peticion,requerimientos sspd o sic,buzon notificaciones judiciales superintendencia servicios publicos domiciliarios efigenia suescun vega radicado asunto copia usuaria luz yamile yelacifuentes inconformidad medición consumo cobro injustificado facturación predio ubicado carrera piso barriovilla aidé municipio belalcázar caldas cuenta,,0
peticion,gestionar financiacion,debido situación actual causa pandemia atravesamos momento empresa restaurante propietarios grandes inconvenientes económicos motivo realizado pagos periodos facturación servicio energético ustedes prestan dirijo hacerles solicitud alivios financiamiento tiempo máximo otorgando deuda espero cuenta ayuda pido,,0
peticion,gestionar financiacion,debido situación actual causa pandemia atravesamos momento empresa restaurante propietarios grandes inconvenientes económicos motivo realizado pagos periodos facturación servicio energético ustedes prestan dirijo hacerles solicitud alivios financiamiento tiempo máximo otorgando deuda espero cuenta ayuda pido,,0
peticion,gestionar financiacion,debido situación actual causa pandemia atravesamos momento empresa restaurante propietarios grandes inconvenientes económicos motivo realizado pagos periodos facturación servicio energético ustedes prestan dirijo hacerles solicitud alivios financiamiento tiempo máximo otorgando deuda espero cuenta ayuda pido,,0
peticion,gestionar financiacion,debido situación actual causa pandemia atravesamos momento empresa restaurante propietarios grandes inconvenientes económicos motivo realizado pagos periodos facturación servicio energético ustedes prestan dirijo hacerles solicitud alivios financiamiento tiempo máximo otorgando deuda espero cuenta ayuda pido,,0
peticion,gestionar financiacion,debido situación actual causa pandemia atravesamos momento empresa restaurante propietarios grandes inconvenientes económicos motivo realizado pagos periodos facturación servicio energético ustedes prestan dirijo hacerles solicitud alivios financiamiento tiempo máximo otorgando deuda espero cuenta ayuda pido,,0
peticion,requerimientos sspd o sic,recibió superintendencia servicios públicos domiciliarios direcciónterritorial occidente parte personería municipal manizales caldas copia queja señora maria nancy vasquez dirigida prestadora chec esp inconformidad incremento facturación servicio energía cuenta pone conocimiento mencionado asunto relacionado solicitamos informar trámite dado petición,,0
peticion,informacion general,factura mes junio incremento respecto abril pese aque ultimo menos consumo energía revisar tarifa hacer reajuste proximas facturas traslado superintendencia,,0
peticion,suspension o corte del servicio,suspensión inmediata servicio,,0
peticion,suspension o corte del servicio,solicitud suspensión servicio energía cooperativa productora carbón municipio quinchia,,0
peticion,requerimientos sspd o sic,sspd solicita informacion tramite seguido reclaamcion cuentas presentada mes mayo,,0
peticion,perjuicios por falla en la prestacion del servicio,solicito reclamación pago electrodomésticos paso narrarles acontecido día marzo año tarde cuenta dirección vereda buenavista apto ubicación rural ocurrió tormenta eléctrica descarga rayos cuales afectaron varios equipos eléctricos hogar cómo tarjetas quemadas calentadores bosch tarjeta nevera quemó perjudicados afectados men sionado habiendose dañado mismo velas transformador encuentra acá antena rcn radio tal motivo descritos debe solicitar insumos atc,,0
peticion,perjuicios por falla en la prestacion del servicio,peticiones primera solicito reconocido pagado total gastos invertidos reparar daños perjuicios causados asciende seiscientos noventa mil doscientos pesos segundo información detallada cada intervenciones realizadas justifiquen suspensión energía tercero informado avisó habitantes barrio milán cortes programados cuarto identificación causa exacta bienes mencionados quinto respuesta oportuna,,0
peticion,exencion contribucion,observaciones adjunta rut actualizado fin solicitar exención contribución energía industriales,,0
peticion,requerimientos sspd o sic,sspd solcita inofrmacion tramite dado recurso presntado señor jose gilberto hernandez septiembre,,0
peticion,direccion incorrecta,usuario solicita cambio direccion cll apto santa teresita validar terreno corresponde correcto,,0
peticion,requerimientos entes oficiales o entidades externa,copia radicado ver adjunto,,0
peticion,informacion general,solicitud traslado competencias sspd radicado exoneraci dicho cobro concepto alumbrado publico basados acuerdo municipal año considero ilegal según artículo ley,,0
peticion,gestionar financiacion,solicita financiación,,0
peticion,gestionar financiacion,usuario remite correo electrónico atencionalcliente chec com siguiente petición buenas tardes señores presente solicitar acuerdo pago nombre mariela ramirez número cédula municipio anserma caldas zona rural san jose tabuyo pedro alto espero respuesta atención prestada muchas gracias,,0
peticion,gestionar financiacion,asistente jurídico personería villamaria traslada solicitud usuaria cuentan medios necesarios realizar pago factura pendiente razón expuesto respetuosamente solicita realice acuerdo ciudadana fin pueda llegar hacer total generarle ningún perjuicio adjunta mail,,0
peticion,"trabajos tecnicos en med, trafos, acometidas o en infraestr.",cliente solicita reubicación poste dentro antejardin,,0
peticion,"trabajos tecnicos en med, trafos, acometidas o en infraestr.",primera solicitud junio reclamaba atención urgente predio realizar cambios reparaciones necesarias incluso operador enviaron imágenes evidencian desplome torres bayoneta doblada peligrando vida semovientes colaboradores explotación julio servicio energía propiedad afectando iluminación refrigeración alimentos cerca eléctrica peticiones reparación inmediata restablecimiento,,0
peticion,cambio datos basicos,cambio suscriptor cuenta dueño propiedad,,0
peticion,terminacion del contrato,cierre definitivo negocio panaderia molino chipre mayo solicito cancele retire contador suscripción servicio agradezco realice solicitud menor tiempo posible adjunto,,0
peticion,reclamacion extemporanea o agotada la via administ,peticionaria acude sspd manifestando inconformiodad decisión primera instancia empresa,,0
peticion,cambio datos basicos,observaciones tres cuentas apaecen nombre jaime jaramillo arango cambiar abelardo osorio suscriptor nro cuenta,,0
peticion,informacion general,solicitud traslado competencias superintendencia servicios públicos domiciliarios bajo radicado adjunto,,0
peticion,requerimientos entes oficiales o entidades externa,molestia incremento facturas luz gas bien inmueble ubicado dirección carrera argentina,,0
peticion,informacion general,buenas tardes señores central hidroeléctrica caldas chec dirijo ustedes solicitarles manera mas atenta sirvan puedan colaborarnos financiamiento factura casa señora maría ofelia valencia orozco identificada cédula ciudadanía número ciudad manizales cuál encuentra día pagos situación madre actualmente salud epoc enfermedad pulmonar obstructiva crónica paciente oxigenodependiente hace aproximadamente años razón puede prescindir concentrador oxigeno vital organismo siempre sido cumplida facturas momento debido nivel mundial atravesando pandemia coronavirus especialmente luz llegando costosa quisieramos saber pudiese hacer par,,0
peticion,requerimientos sspd o sic,requerimiento expediente resolver recurso apelación señora maria eugenia serna,,0
peticion,valores congelados,dejan valores congelados sspd resuelva recurso apelación,,0
peticion,informacion general,solicito conocer alivios financiación puesto contingencia quedamos empleo actualmente necesitamos ponernos día servicio públicos quedo atenta comentarios adjunto evidencia fotográfica factura cuenta,,0
peticion,perjuicios por falla en la prestacion del servicio,día julio presente año corte energía calle barrio pio xii ciudad manizales momentos lavadora funcionando debido dejo funcionar,,0
peticion,informacion general,amablemente solicito financiación pago factura energía eléctrica correspondiente número cuenta local comercial ubicado cra quedo atento requisitos comentarios respecto gracias,,0
peticion,cambio datos basicos,manera atenta permito adjuntar documentos solicitados cambio titularidad nombre yelytza cardona franco número cuenta chec,,0
peticion,informacion general,solicitud traslado competencias superintendencia servicios públicos domiciliarios bajo radicado,,0
peticion,gestionar financiacion,asociado proceso financiación especial consumo,,0
peticion,informacion general,traslado competencias sspd radicado proveniente procuraduria iuc seguimos viviendo misma casa mismas personas mismos electrodomésticos llegando luz cara llegaba última llegó,,0
peticion,reclamacion extemporanea o agotada la via administ,dos personas predio llevamos actividad normal igual meses anteriores confinamiento revisando facturación cada mes presentando incremento injustificable además notamos incrementó kilovatio creg indico podían hacerlo exijo revisión devolución dineros cobrado tres últimos adjunto foto facturas número cuenta andrea milena ríos martínez calle bosques enea,,0
peticion,reclamacion extemporanea o agotada la via administ,reciba pagos factura conforme llego registro fisico pues hogar solo vivimos tres personas existido aletraciones epoca pandemia fugas pretenden pague triple normalmente consumimos exijo permitan pagar casa fisica inconsedible deba errores funcionarios chec,,0
peticion,cambio de uso,medio presente solicito cambio servicio cuenta comercial residencial adjunto certificado estrato tramites pertinentes acepto envío respuesta,,0
peticion,informacion general,buenos días últimos meses incrementado demasiado factura solo personas siempre mismas servicio parabólica estrato sale facturado chec febrero marzo,,0
peticion,informacion general,pueden informar puedo hacer pago parcial factura luz decir llego pagar menos,,0
peticion,gestionar financiacion,solicito financiación consumo energía meses contrato ubicado carrera local terminal transporte cámbulos descongelar actual,,0
peticion,"trabajos tecnicos en med, trafos, acometidas o en infraestr.",usuaria manifiesta chec instaló cable nivel suelo paso peatonal provocado varios accidentes solicita corrección problema radicado sds así mismo verificar poste instalado desconfía firmeza revisa enrollado seguro estudiar viabilidad retirar medidor funcionan grietas estructura cuales provocan animales metan allí ver adjunto señora debe contactar través correo dificultades contacto teléfono,,0
peticion,reclamacion extemporanea o agotada la via administ,solicitud traslado competencias superintendencia servicios públicos domiciliarios bajo radicado periodo trabajando normal llega factura pesos parece exagerado siguiente mes cuenta comparación consumo venido,,0
peticion,"trabajos tecnicos en med, trafos, acometidas o en infraestr.",cliente solicita cerramiento contadores conjunto san sebastian asumen cuenta cobro aplica,,0
peticion,informacion general,solicitud traslado competencias superintendencia servicios públicos domiciliarios bajo radicado,,0
peticion,reclamacion extemporanea o agotada la via administ,atenci normatividad vigente manera atenta permito interponer queja cobro excesivo servicios publico energia electrica suministrado chec grupo epm,,0
peticion,informacion general,adjunto documentos solicitar refinanciación energía número cuenta idea pagar primera factura dejó pagarse financiar saldo meses,,0
peticion,modificacion de infraestructura por incumplimiento,inconformidad respuesta petición julio requiere revoque integramente decisión proceda reubicación cableado eléctrico pasa encima predio diamante ubicado vía cantadelicia comunica municipio neira,,0
peticion,requerimientos entes oficiales o entidades externa,sspd solcita concer tramite dado trasdo efectuado pasado julio queja señor luis albeiro pulgarin correa,,0
peticion,terminacion del contrato,tele debdo proceso policivo presunta materialización comportamientos contrarios afectan ejercicio acciones protección bienes inmuebles señor uriel cardona molina dentificado cédula ciudadanía fin acceder restitución bien nmueble ubicado calle carreras barrio centro caseta quesudos propiedad municipio dorada consecuencia entrega necesaria suspensión definitiva servicios público allí instalados cuanto retiro materiales competencia,,0
peticion,requerimientos sspd o sic,auto inicia actuación administrativa decretan pruebas sspd dentro investigación silencio administrativo positivo radicada bajo,,0
peticion,informacion general,solicito cuenta año gracias,,0
peticion,"trabajos tecnicos en med, trafos, acometidas o en infraestr.",requiero amable colaboración validar postes encuentra riesgo siguiente dirección camilo torres plan zona casa teléfono poste suelto soportado redes,,0
peticion,requerimientos sspd o sic,mediante radicado asunto recibió sspd parte usuaria maría elizabeth sánchez garcía copia recurso reposición subsidio apelación dirigido chec refiere acuerdo cobro recibo ver adjunto,,0
peticion,cambio datos basicos,recibe correo solicitando cambio estrato,,0
peticion,informacion general,solicitud traslado competencias sspd radicado recibido ver adjunto,,0
peticion,informacion general,favor necesito información puedo refinanciar factura realizando abono numero cuenta muchas gracias quedo pendiente,,0
peticion,reclamacion extemporanea o agotada la via administ,motivo anexo voy realizar cargarlo reclamación realizando superintendencia servicios públicos conformidad cobro accionamiento breaker edifico irlanda ciudad manizales,,0
peticion,gestionar financiacion,usuario solicita financiación consumo anexa documentos autorización propietario comprobante pago conceptos financiables,,0
peticion,poda de arboles,solicitud traslado competencias secretaria medio ambiente ged derecho petición posible interferencia individuos arbóreos líneas cables luz carrera adjunta documento,,0
peticion,terminacion del contrato,buenas tardes dos facturas pagas puedan acercar favor retirar contador,,0
peticion,informacion general,solicitud conciliación cartera nica polic cuenta,,0
peticion,requerimientos sspd o sic,sspd solicita darle tramite inconformidad consumo presenta cuenta traves veeduria manizales caldas,,0
peticion,informacion general,sspd trasaldo reclamo presentado cliente habia dado gestión fondo mediante proceso,,0
peticion,informacion general,manera mas atenta acudimos ustedes solicitar acuerdo pago máximo plazo posible meses saldos facturas correspondientes cuentas nombre manuel cuartas elsa victoria respectivamente chec cuenta pdf propietarios casa actualmente funciona restaurante farfalla contrato término indefinido inversiones sas representante legal encuentra vigente renovaciones automáticas,,0
peticion,requerimientos sspd o sic,remisión expediente responder requerimiento sspd radicado agosto notificado chec usuario carlos alberto garcia instalación,,0
peticion,terminacion del contrato,informo actualmente aliado alcanzo hacer ninguna actividad ahora requiere desmontar medidores manizales,,0
peticion,"trabajos tecnicos en med, trafos, acometidas o en infraestr.",horas pico presenta baja potencia equipos funcionan forma adecuada iluminación prende apaga ocurre vecino anterior solicita revisión solución problemática edificio refugio palermo,,0
peticion,requerimientos sspd o sic,sspd solcita concer tramite dado alerta recibida agosto derrame aceite,,0
peticion,terminacion del contrato,informo actualmente aliado alcanzo hacer ninguna actividad ahora requiere desmontar medidores manizales,,0
peticion,terminacion del contrato,informo actualmente aliado alcanzo hacer ninguna actividad ahora requiere desmontar medidores manizales,,0
peticion,terminacion del contrato,informo actualmente aliado alcanzo hacer ninguna actividad ahora requiere desmontar medidores manizales,,0
peticion,terminacion del contrato,informo actualmente aliado alcanzo hacer ninguna actividad ahora requiere desmontar medidores manizales,,0
peticion,informacion general,solicitud traslado competencias sspd radicado favor rectifiquen lecturas hagan cobro real robar cada vez revisen contador entreguen recibo lectura llame vengan predio soluciones aclaren inconvenientes presentan,,0
peticion,informacion general,sspd trasadlko segunda vez reclamacion presentada cliente directamente atendida fondo empresa pasado septiembre,,0
peticion,requerimientos sspd o sic,solicitud tramite recurso radicado sspd octubre notificado chec usuario campo elias ramirez loaiza,,0
peticion,tramite recurso de queja sspd,fin resolver recurso queja interpuesto usuario referencia decisión agosto proceso proferida empresa mediante rechazó apelación conformidad preceptuado ley requiere envíe copia expediente completo actuación administrativa iniciada sede citada prestadora dentro tres días siguientes envío presente comunicación superintendencia solicitará simultáneamente documentos reposen poder cuales resolverá invocado caso allegue solicitado vez notificada acuerdo establecido lado importante informarle declara procedencia resolvió reposición,,0
peticion,cambio datos basicos,realiza cambio suscriptor según indicaciones dadas correo julio henry serrato,,0
peticion,informacion general,buenos dias presenta sector energia mas hora barrio pradera villamaria caldas persona trabaja modalidad teletrabajo estan exigiendo reporte conste existe falla pueden colaborar marco lineas funcionando,,0
peticion,informacion general,quiero informar hace dos meses septiembre octubre recibo factura cobro servicio debe llegar correo oges une net efectuando pagos sistema establecido propiedad casa familiar deshabitada tres años pronto entrará sucesión venido pagando cuentas mes tras instalado pagué cobrados momento rendir deberes sido cumplidos pendientes ruego siga enviando cuenta situación inicio información comento igual manera pago mensualmente agua empocaldas agradezco cordialmente bondad quedo espera respuesta,,0
peticion,requerimientos entes oficiales o entidades externa,vigilancia pendiente inicio seguimiento gloria amparo guarin castillo,,0
peticion,gestionar financiacion,nuevo dirijo ustedes favor abran posibilidad pagar factura automáticamente diferida cuotas haberlo pedido necesito recibo poder realizar pago validación parte,,0
peticion,informacion general,dando alcance correos precedentes fin tramitar paz salvos requeridos infi manizales convocatoria departamento prosperidad social solicito colaboración expedir cuentas relacionadas continuación ver correo adjunto,,0
peticion,requerimiento competencia de otra empresa,hola buenas noches escribo reportar posible daño avería poste ubicado carrera agustinos frente edificio san ambrosio grave hacérmelo saber,,0
peticion,"trabajos tecnicos en med, trafos, acometidas o en infraestr.",dirección cra esquina estirpe pendiendo objeto metálico soporte piso genera riesgo transeúntes,,0
peticion,informacion general,solicitud traslado competencia superintendencia servicios públicos domiciliarios radicado usuario inconforme consumo periodos abril agosto ver adjunto,,0
peticion,"trabajos tecnicos en med, trafos, acometidas o en infraestr.",poste borde calle parte inferior cercano casa pesar andén embargo superior pegado ventana casi recostado techo representa riesgo habitantes vivienda incluyendo vecinos manifestaron temor misma razón queda encima así solicitud pedirle considere reubicación apoyo debido,,0
peticion,"trabajos tecnicos en med, trafos, acometidas o en infraestr.",seguridad todas personas habitamos casa encuentra riesgo tomando cuenta tres menores edad persona discapacidad intelectual cuales conscientes amerita podría llevar desenlace fatal petición escuchada solucionada manera oportuna,,0
peticion,requerimientos sspd o sic,mediante radicado asunto recibió superintendencia servicios públicos domiciliarios dirección territorial occidente parte usuaria mónica maria ortega burítica copia petición radicada septiembre dirigida empresa servicio público domiciliario energía relacionada inconformidad reubicación cable alta tensión instalado predio ubicado calle carrera ciudad manizales caldas cuenta anterior pone conocimiento entidad dicha solicitud comedidamente solicitamos informar trámite dado,,0
peticion,cambio datos basicos,medio presente permito solicitar actualización suscriptor número cuenta cambio propietario inmueble,,0
peticion,perjuicios por falla en la prestacion del servicio,buenas tardes inquilina riosucio caldas carrera día hoy estruendo explosión grandísimo calle pocos segundos exploto dentro vecino auner rivera radicó queja número debe haber daño grave pues hace días dos gallinazos paraban tejado casa cayeron ipsofacto muertos panal abeja abejas desalojaron,,0
peticion,emision de documento para pago,permito solicitarle amablemente hacer llegar dependencia administración municipal factura cobro correspondiente predio denominado caseta comunal villa fanny ubicado cra identificado número cuenta,,0
peticion,reclamacion extemporanea o agotada la via administ,usuaria través personería solicita explicación consumos facturados objeto reclamo anterior,,0
peticion,informacion general,solicitud traslado competencias sspd radicado solicitar revisión chec dice obligada pagar millón pesos consumo inexistente dicha vivienda rural solo viven personas gracias atención espero ayuda caso ver adjunto,,0
peticion,reclamacion extemporanea o agotada la via administ,peticionaria sic solicita siguiente base respuesta entregada empresa reclamo alto consumo declare demandado vulneró derechos consumidor usuario cualquier pretensión estime legítima ajuste factura,,0
peticion,informacion general,intenta establecer comunicacion chec obtiene respuesta requiere generar reporte comcel cad florencia nie ubicada finac vega cerro cruz cima samana quedamos atentos pronta,,0
peticion,gestionar financiacion,vía email solicita financiación deuda concepto consumo energía adjunta fotocopia cédula rut certificado tradición factura servicio,,0
peticion,gestionar financiacion,vía email solicita financiación deuda concepto consumo energía adjunta fotocopia cédula rut certificado tradición factura servicio,,0
peticion,gestionar financiacion,vía email solicita financiación deuda concepto consumo energía adjunta fotocopia cédula rut certificado tradición factura servicio,,0
reclamo,inconformidad con el consumo o produccion facturad,factura cobrndo concepto chec suma deseamos saber trata mil gracias,,2
reclamo,"cobros por conexion, reconexion, reinstalacion",legal colombia cobro reconexion liquidado,,2
reclamo,inconformidad con el consumo o produccion facturad,regularmente paga factura energía ahora llegó relaciono avería red eléctrica vivienda técnico chec vino revisar advirtió mensualidad podría verse afectada contador marcando normal considero cuantioso comparación siempre,,2
reclamo,"cobros por conexion, reconexion, reinstalacion",solicito revision factura direccion calle apto bloque estan generando cobro reconexion segun reforma realizo ley prohibido estrato retirado dicho dice contrario vere obligada tomar instancias superintendencia,,2
reclamo,inconformidad con el consumo o produccion facturad,bodega desocupada mediados mes octubre tal forma factura corresponde consumo parecer cobrando promedio mas registrado contador,,2
reclamo,inconformidad con el consumo o produccion facturad,rad revision completa solicito aclaracion factura servicio cobrando total conceptos chec suma nunca habian llegado facturacion copropiedad aparte consumo mil gracias att natalia valencia arango representante legal,,2
reclamo,pago sin abono a cuenta,rad factura noviembre cancelada oportunamente diciembre estan cobrando nuevo,,2
reclamo,inconformidad con el consumo o produccion facturad,solicito revisión ajuste dos ultimas facturas predio estrato alto incremento factura cuenta nevera poseo bajo llegando mas llegaban van quiero imaginar ser cobro,,2
reclamo,tarifa incorrecta,rad buenas tardes medio presente solicito revisada tarifa aplicada equipo medida encuentra instalado nivel estan facturado momento realizar verificación favor usuario agradezco apliquen notas crédito próxima facturacion,,2
reclamo,inconformidad con el consumo o produccion facturad,solicitamos elimine factura generada cobrando arbitrariamente parte entidad consumos año noviembre,,2
reclamo,inconformidad con el consumo o produccion facturad,factura llega alta consumo apague tacos salir trabajar regrese noche cintador habia corrido casi kva,,2
reclamo,inconformidad con el consumo o produccion facturad,revision completa incremento consumo contador leer lectura hacen,,2
reclamo,pago sin abono a cuenta,favor revisar ultima factura cobrada dos veces ambas pago esposo través pagina web habilitada ustedes quedo atenta pronta respuesta gracias,,2
reclamo,tarifa incorrecta,buenas tardes medio presente solicito revisada tarifa aplicada equipo medida encuentra instalado nivel estan facturado momento realizar verificación favor usuario agradezco apliquen notas crédito próxima facturacion,,2
reclamo,cobro de cargos relacionados con el servicio publi,realizaron cobro mora pago habia realizado dia enero,,2
reclamo,inconformidad con el consumo o produccion facturad,diciembre llega factura indicando servicio después realizo consulta llegaban dos facturas mismo medidor mes dando respuesta equivocado lectura,,2
reclamo,inconformidad con el consumo o produccion facturad,solicito revision contadores cada pisos propiedad horizontal edificio banco comercio realaciono parte superior anterior incrementos factura luz numeros suscriptor relacionados vez revisados medidores explicacion referente aumento facturacion atentamente catalina restrepo valenci,,2
reclamo,inconformidad con el consumo o produccion facturad,diciembre reactivo lectura desocupado aproximadamente años bien momento ocupo dias suspendieron servicio dirijimos chec conocer motivo dijeron habia deuda entonces imprimieron factura pagamos ahora llega saldo anterior inexplicable dicho,,2
reclamo,inconformidad con el consumo o produccion facturad,casa mas mes embargo llega factura energía costo alto corresponde consumo periodo tiempo,,2
reclamo,"cobros por conexion, reconexion, reinstalacion",reclamo cobro reconexion manifiesto inconformidad respuesta dada pago hizo enero realidad adjunto copia recibo despues suspension,,2
reclamo,inconformidad con el consumo o produccion facturad,factura llegó costosa diciembre puse alumbrado incremente consumo soluciona favor,,2
reclamo,inconformidad con el consumo o produccion facturad,existió aumento inusitado consumo energía mes diciembre factura pagar paso solicitamos revisar enviar comisión revise posibles fugas copropietarios esten conectados forma ilegal red desconectados gracias,,2
reclamo,cobro desconocido,favor llamar previamente tel mes diciembre venido incrementndo consumo energia requiero apoyo algun tecnico pueda programar visita revisión avisar anticipación eléctrico empresa,,2
reclamo,inconformidad con el consumo o produccion facturad,revision completa mes diciembre venido incrementndo consumo energia requiero apoyo algun tecnico pueda programar visita revisión avisar anticipación eléctrico empresa,,2
reclamo,inconformidad con el consumo o produccion facturad,reclamo alto consumo virtud empresa agotó procedimiento establecido ley artículo consecuencia solicito reliquidar cuentas conformidad autorizar presente facturación febrero marzo promedio histórico objeto máxime medidores asociados regi,,2
reclamo,inconformidad con el consumo o produccion facturad,favor verificar incremento facturas casi veces,,2
reclamo,inconformidad con el consumo o produccion facturad,respetuosamente solicito revisión facturación meses acá incremento servicio sido manera exagerada cuenta mismo número ocupantes salimos mañana regresamos noche tratamos máximo economizar servicios agradezco gentil atención quedo atent,,2
reclamo,inconformidad con el consumo o produccion facturad,contador disparo cantidad kilovatios cambiaron hace meses allí triplicado consumo aumentando anormal cobran comparado fincas aclarar vivienda rural existen maquinarias agrícolas,,2
reclamo,inconformidad con el consumo o produccion facturad,rdeseo solicitar revisión contador energía propiedad correspondiente cuenta consumos sido excesivos ende sumas pagar casi elevadas barrio mayor estrato manizales vivienda ocupada tiempo consumo electrodomésticos casa santagueda ocupa períodos cortos,,2
reclamo,inconformidad con el consumo o produccion facturad,cobro facturado incrementó considerablemente escuchado muchas personas quejarse situación exagerada pensé mentira factura incrementada considerablamente agradezco informen pasó consumo realicen revisiones respectivas justifique incremento,,2
reclamo,"cobros por conexion, reconexion, reinstalacion",cobros conexión reconexión reinstalación,,2
reclamo,inconformidad con el consumo o produccion facturad,favor verificar incremento facturas casi veces,,2
reclamo,inconformidad con el consumo o produccion facturad,acordar cita requiero revision cobro exagerado,,2
reclamo,inconformidad con el consumo o produccion facturad,solicitamos revisar consumo facturado mes abril sitio presenta alto energía reactiva marzo consecuente realidad,,2
reclamo,inconformidad con el consumo o produccion facturad,revision complta llegó correo confirmacion cobro factura cancelada día ayer pague temor corte acuerdo cobros recuperación energía mano obra materiales casa encargado solo prenden bombillos nevera maquinas trabajo,,2
reclamo,inconformidad con el consumo o produccion facturad,solicitar revisión consumos marzo abril pues parece cobrando debido promediado revisado contador dos personas apartamento normal subido consumo forma tan desorbitada periodo anterior aumentaron,,2
reclamo,inconformidad con el consumo o produccion facturad,revision completa solicito urgente revisión facturado,,2
reclamo,inconformidad con el consumo o produccion facturad,factura documento equivalente lectura anterior actual kwh consumo periodo ene mar día abril reviso medidor errada adjunta foto correcta falta respeto clientes promediar consumos siquiera revisar medidores,,2
reclamo,pago sin abono a cuenta,cuenta día unidad sanidad policía nacional realizó pago factura dicho reportado inicialmente nuevamente correo recaudoempresarial chec com posteriormente enviado marcela navarro,,2
reclamo,inconformidad con el consumo o produccion facturad,medio siguiente dirijo ustedes hacer reclamo consumo vivienda calle barrio villa pilar promedio mensual cte treinta mil pesos ultima factura llego ciento cuarenta siete seisciento ochenta aumento totalmente irracional solicito,,2
reclamo,pago sin abono a cuenta,comunico medio debido intentar pagar factura pse portal web aparece cop impresa llegó inmueble puede saldo mora periodo pasado pagó oportunamente quedo atenta respuesta gracias antemano,,2
reclamo,inconformidad con el consumo o produccion facturad,solicito revisión local comercial guadua cafe numero cuenta subido costo factura exageradamente abre fines semana resto cuentra cerrado encuentran pocos elctrodomesticos vamos precio demadiado alto,,2
reclamo,"cobros por conexion, reconexion, reinstalacion",solicito reversion cobro suspension servicio energia cuenta pago efectuado dia suspensión realizada,,2
reclamo,inconformidad con el consumo o produccion facturad,lectura medidor pueden verificar foto adjunta tomada mismo dia consumo periodo según anterior kwh cobro pasando,,2
reclamo,inconformidad con el consumo o produccion facturad,revisión consumo excesivo factura periodo comprendido marzo abril,,2
reclamo,inconformidad con el consumo o produccion facturad,factura periodo abr may observa incremento excesivo consumo evidencia comparado anterior consumos relacionados últimos meses domicilio permanece prácticamente solo pues habitamos personas cuales trabajamos día regresamos horas noche,,2
reclamo,inconformidad con el consumo o produccion facturad,solicito explicación acerca valores reflejados factura sumarlos coherentes proceso contabilidad inpec requiere detallada conceptos cada mes allí enviados explicaciones facturas febrero presentan incoherencias,,2
reclamo,inconformidad con el consumo o produccion facturad,restaurante cerro febrero adjunto copias consumo efigas aguas manizales,,2
reclamo,inconformidad con el consumo o produccion facturad,parece costo excesivo estrado residimos solicitamos revisada ultima factura,,2
reclamo,inconformidad con el consumo o produccion facturad,corrido año facturas incremento mas encontrar causa genere desbordado solicito revisión predio fin verificar ocurriendo,,2
reclamo,subsidios y contribuciones,buenos dias tan amable recibimos respuesta radicado despues verificacion direccion predio aplicara exencion contribucion energia gas pasamos solicitud meses atras ahora pudo verificar informacion suministramos mientras realizo proceso nno teniamos benfecio,,2
reclamo,inconformidad con el consumo o produccion facturad,cobro servicio periodo facturado marzo abril mismo año anterior debido solo poseo tres electrodomésticos baja potencia prende apartaestudio habitamos dos personas cuales permanecemos mayor tiempo adicional semana santa viaje días abri,,2
reclamo,inconformidad con el consumo o produccion facturad,solicito uds revisar consumo vivienda puesto alto permanecer sola día,,2
reclamo,cobro de otros bienes o servicios en la factura,solicitud reclamación forma liquidando excedentes energía proyecto agpe instalado cuenta,,2
reclamo,inconformidad por cobros por normalizacion del ser,acuerdo revisión facturación expedida ustedes encontramos varios conceptos corresponden ninguna obligación suscriptor servicio actúo arrendatario inmueble cuales describen continuación cuota material gravado intereses financiación mano obra,,2
reclamo,cobro por recuperacion de consumos,cobrando rubro denominan energía recuperada claro corresponde pues justificado factura favor aclarar corregir estan alumbrado publico haberlo,,2
reclamo,inconformidad con el consumo o produccion facturad,hace años falleció propietaria residente inmueble siendo ocupado nuevamente persona partir mes marzo año horas noche pesar anterior facturación registra cobro consumo energía ello solicita revisión medidor favor llamar realizar toda vez casa permanece sola,,2
reclamo,inconformidad con el consumo o produccion facturad,cuenta evidente inconsistencia presentada expedir dos facturas mismo periodo cobro número consumo pago diferente solicito respetuosamente ordene corresponda verificar corregir dicha anomalía toda vez causando gran perjuicio realicé correspondiente,,2
reclamo,inconformidad por cobros por normalizacion del ser,solicito información motivo cobrando siguientes rubros factura cuota material gravado intereses financiación mora periodo junio hace extraño pues acá reparaciones,,2
reclamo,inconformidad con el consumo o produccion facturad,solicitud explicación cobro adicional factura mes mayo,,2
reclamo,inconformidad con el consumo o produccion facturad,identifica irregularidad consumos facturados consumo factura mayo lectura dice justificación anterior mes agradecemos indicar corresponde aplicar correctivos necesarios regularizar facturación promedio sitio gracias,,2
reclamo,inconformidad con el consumo o produccion facturad,buenos días necesito favor ayuden revisar consumo mes junio pues exagerado cuenta semana casa consumos aparatos nuevos hecho esposa empezó trabajar almorzamos gracias,,2
reclamo,inconformidad con el consumo o produccion facturad,día hoy recibimos factura servicio energía debemos pagar julio decir mañana entendemos puesto intereses mora saldo anterior conceptos chec alumbrado público claro realizó pago fac,,2
reclamo,inconformidad con el consumo o produccion facturad,contactar previamente vivo sola factura energía eléctrica llega salgo mañana regreso noche raro pasa solicito visita inspección horario día tarde trabajo pedir permiso difícil hora primera avisen,,2
reclamo,inconformidad con el consumo o produccion facturad,tercera vez solicito revisión inmueble alto costo servicio energía bastante irregular pido favor llamen entienden ave maría vivo sola trabajo llamarme nueva visita,,2
reclamo,inconformidad con el consumo o produccion facturad,virtud artículo constitucional solicito realizar visita inspección medidor luz indicado pues cada día cobro servicio público aumenta singular vivo sola salgo mañana llego noche fines semana tampoco aun así llega factura cobros superiores cien pesos necesito saber explicación,,2
reclamo,inconformidad con el consumo o produccion facturad,apartamento encuentra desocupado llegando consumo bajan tacos verifica contador sigue marcando piso unico ocupado hace meses factura llega mil pesos concluye contadores estan trocados tal motivo solicito corregir error enviar técnico revisar posible dia sabad,,2
reclamo,inconformidad por cobros por normalizacion del ser,usuario inconforme cobro cuota material gravada interés financiación grabado,,2
reclamo,inconformidad con el consumo o produccion facturad,solicito revision pues deacuerdo facturado kilovatios,,2
reclamo,inconformidad con el consumo o produccion facturad,usuario solicita revisión medidores redes alto consumo presento periodo mayo julio,,2
reclamo,inconformidad con el consumo o produccion facturad,solicito favor hacer revisión incremento factura mes junio llego alto tener modificaciones solo bombillo,,2
reclamo,inconformidad con el consumo o produccion facturad,solicito amablemente realizar revisión cuenta medidor cancelar consumo energía coherente histórico reflejado últimos tres meses anterior factura emitida factores dieron origen cobro,,2
reclamo,estrato incorrecto,solicito devolución dineros cobraron estrato realidad según petición,,2
reclamo,inconformidad con el consumo o produccion facturad,cel usuario solicita revisión completa manifiesta inconformidad aumento consumo último periodo junio julio,,2
reclamo,inconformidad con el consumo o produccion facturad,cel llamar coordinar visita predio permanece solo usuaria solicita revisión completa manifiesta inconformidad incremento consumo último periodo junio julio,,2
reclamo,inconformidad con el consumo o produccion facturad,cel llamar revisión verificar lectura usuaria inconforme cobro tan exagerado previa periodo mayo junio manifiesta vivía nadie bajos ajuste real siguiente julio,,2
reclamo,inconformidad con el consumo o produccion facturad,usuario solicita revision incremento consumo periodo junio julio,,2
reclamo,inconformidad con el consumo o produccion facturad,cel usuaria solicita revisión completa manifiesta inconformidad incremento consumo último periodo junio julio indica igual,,2
reclamo,inconformidad con el consumo o produccion facturad,solicito revisión incremento consumo meses febrero abril anteriores técnico revisar factura informa detecto fuga debía contratar particular inmediatamente contrate reviso sorpresa encontró ahora llega normal hacer ninguna modificación favor aclaren aumento consumos par,,2
reclamo,inconformidad con el consumo o produccion facturad,usuario solicita revisión completa manifiesta inconformidad incremento consumo últimos periodos mayo junio julio,,2
reclamo,inconformidad con el consumo o produccion facturad,valores facturas mes incrementaron hablando hice reclamo revisar dijeron bien consumo además cobrando doblemente factura junio julio cancelé llega cobro dizque saldo anterior,,2
reclamo,inconformidad con el consumo o produccion facturad,tele usuario requiere revise medidor trocado vecinos inmueble desocupado registrando consumo revisar liquidar facturación cobro consumos últimos seis meses verifique indique revisión previa,,2
reclamo,inconformidad con el consumo o produccion facturad,usuario requiere revise medidor trocado vecinos inmueble desocupado registrando consumo reclamo ultimo meses verifique cobro indique revisión previa,,2
reclamo,inconformidad con el consumo o produccion facturad,tel reclamo alto ultimo periodo facturado revision completa llamar,,2
reclamo,inconformidad con el consumo o produccion facturad,tele reclamo alto ultimo periodo facturado revision completa llamar,,2
reclamo,inconformidad con el consumo o produccion facturad,reclamo ultimo periodo facturado llamar,,2
reclamo,inconformidad con el consumo o produccion facturad,reclamo alto ultimo periodo facturado revisión completa llamar,,2
reclamo,cobro de cargos relacionados con el servicio publi,solicito eliminar intereses mora ultima factura contrato pago efectuado vencimiento contamos días hábiles tramites,,2
reclamo,inconformidad con el consumo o produccion facturad,usuario reclama traves sspd mayor consumo registrado periodo julio agosto,,2
reclamo,inconformidad con el consumo o produccion facturad,tel reclamo alto ultimo periodo facturado llamar,,2
reclamo,inconformidad con el consumo o produccion facturad,tele hogar hace mas mes aplancha ahorrar luz plancha regaló calentador gas estufa factura sigue llegando aumento reflejado ahorro solicitamos revisar medidor,,2
reclamo,inconformidad con el consumo o produccion facturad,tele contacto requiero colaboración confirmar lectura tomada periodo pues según fact indica nueva corresponde anoche tomó foto medidor encuentra coherente vez valide error solicito ajustada factura muchas gracias,,2
reclamo,inconformidad con el consumo o produccion facturad,agradezco amable colaboración indicarme corresponde alto generado factura numero debido realizando comparación meses últimos tres años presentado consumo demasiado variable justificable aclaración tema,,2
reclamo,inconformidad con el consumo o produccion facturad,usuario solicita revisión periodo junio julio informa consumo incremento ninguna razón viven mismas personas bajo predio permanece solo favor llamara programar visita,,2
reclamo,inconformidad con el consumo o produccion facturad,reclamo alto ultimo periodo facturado revisión completa llamar,,2
reclamo,pago sin abono a cuenta,hizo pago factura dia agosto dicen van suspender servicio hice medio tarjeta debito ustedes aparece reflejado,,2
reclamo,cobro de otros bienes o servicios en la factura,tele reclamo cobro factura conceptos interés mora gravado saldo anterior cancelada plazo establecido puede comprobar confirmación transacción pse cus adjunta,,2
reclamo,inconformidad con el consumo o produccion facturad,reclamo alto consumo ultimo facturado periodo,,2
reclamo,inconformidad con el consumo o produccion facturad,reclamo alto costo ultimo periodo facturado revisión completa llamar,,2
reclamo,inconformidad con el consumo o produccion facturad,solicito información detallada cobrado factura relaciona revisión instalaciones favor indicar corresponde cuenta metropolitan adscrita construcciones cfc nit instaló medidores decir chec sólo hizo conexión servicio sellos,,2
reclamo,inconformidad con el consumo o produccion facturad,hizo entrega factura hace mes vivienda esposo manifestó funcionario alto procedió revisar contador medidor indicó consumió total consumo originó utilizamos estufa eléctrica sola vez horario noche volvió utilizar misma comprendemo tantos consumidos,,2
reclamo,inconformidad con el consumo o produccion facturad,solicitar revisión facturas pasadas vienen incrementando valores altas preocupa incremente cada día mas necesitamos explicación agradecemos pronta gestión respuesta,,2
reclamo,inconformidad con el consumo o produccion facturad,manera mas atenta permito solicitar asesoria acerca proceso seguir factura energia llegando costosa mes debemos pagar casi padre adulto mayor enfermo debe utilizar oxigeno constante depende mismo,,2
reclamo,inconformidad con el consumo o produccion facturad,presento reclamo alto consumo meses agosto septiembre además siguientes incrementó energía justificación alguna,,2
reclamo,cobro desconocido,solicito respuesta oficio radicado mes febrero adjunto llame ingeomega dice chec luego asesor comunica cartera juridica trata cobros persuasivos realizando empresa asmet relaciona pagos hecho sido relacionados correo andrea garcia,,2
reclamo,"cobros por conexion, reconexion, reinstalacion",día lunes acerque oficina parque caldas atendido casilla solicite diera plazo pago factura dia miércoles suspendieran servicio asesor medio correo interno informo daban parecer enviado jefe martes acerco funcionario empresa vivienda proceder suspensión pese dijo dado groseramente indica importa suspende hoy acordado procedí cancelar anterior solicito cobrado reconexión,,2
reclamo,inconformidad con el consumo o produccion facturad,acuerdo registrado consumo ultimo mes facturado ninguna situación vivienda generara mayor promedio siempre consumido solicito haga revisión corrección respectiva,,2
reclamo,inconformidad con el consumo o produccion facturad,escribo considero costos luz inmueble citado exagerado casa permanece sola mayor parte año inicialmente contestaron veía través vidrio contador motivo cobrando promedio ajustado hizo cambio contrario esperado aumentaron solicito favor ayuden volviendo impagable factura,,2
reclamo,clase de uso incorrecto,parece colmo vean pinche negocio garaje pasen comercial dónde queda oportunidad comience evolucione espero pronta revisión retirada factura,,2
reclamo,inconformidad con el consumo o produccion facturad,solicitamos visita parte ustedes venimos evidenciando incremento factura alto preocupa mismo funcionamos igual deseamos descartar daños,,2
reclamo,"cobros por conexion, reconexion, reinstalacion",presento inconformidad suspensión realizada día septiembre cancelado abono factura agosto aun asi dia ayer suspendieron servicio pesar solo debe solicito cargado conexión,,2
reclamo,"cobros por conexion, reconexion, reinstalacion",buenas noches mes pasado llego poder factura servicio energía solo operador cortar realizo pago completo realizando funcionario chec informa efectivamente error facturacion realizado correspondiente agosto ofrecieron disculpas mismo pagado doblemente sera devuelto efectivo manera solicitamos respuesta igual entiende estan cobrando cuota iva bienes interes financiacion intereses mora reconexion redondeo decena comerc grav int gravado refiere cobros nunca existió corte energia solicito aclaren situaciones presentadas real,,2
reclamo,inconformidad con el consumo o produccion facturad,requerimos visita parte ustedes llegado varias facturas incremento energía preocupa problemas siempre misma función,,2
reclamo,inconformidad con el consumo o produccion facturad,encontramos inconformes ajuste realizaron ultima factura solicitamos verificación,,2
reclamo,inconformidad con el consumo o produccion facturad,solicitamos favor revisión medidor mención hace meses llegando recibo mil gracias atención,,2
reclamo,inconformidad con el consumo o produccion facturad,reclamación frente facturado cuenta incremento promedio cancelando llego factura,,2
reclamo,inconformidad con el consumo o produccion facturad,motivo presente favor brinden información relación altos costos presentando factura pues mes septiembre muestra alza consumo parece correcto vivienda realizan actividades requieren mayor energía constantes escribo fin aclarado varios meses año presentado alzas ninguna explicación mayo junio,,2
reclamo,inconformidad con el consumo o produccion facturad,favor aclarar incremento cobro promedio mensual periodo sept oct factura,,2
reclamo,inconformidad con el consumo o produccion facturad,presento reclamación generando consumo exagerado además valida unitario meses anteriores,,2
reclamo,cobro multiple y/o acumulado,buenos días medio presente solicito verificación nueva expedición factura periodo sigue cobrando saldo mes anterior existe puede visualizar ultimo pago septiembre,,2
reclamo,inconformidad con el consumo o produccion facturad,solicito revisión medidor mes luz llego superior meses anteriores promedio consumo energia kwh agosto septiembre mismo hábitos,,2
reclamo,inconformidad con el consumo o produccion facturad,cliente manifiesta inconformidad ultima factura emitida empresa,,2
reclamo,inconformidad con el consumo o produccion facturad,solicito revisión facturas emitidas entidad correspondientes ciclos facturación agosto septiembre cuyo número suscriptor corresponde contador,,2
reclamo,inconformidad con el consumo o produccion facturad,revisión medidor posible fuga energía consumo mes agosto septiembre octubre incrementado motivo alguno máxime inmueble sido ocupado sola persona año,,2
reclamo,inconformidad con el consumo o produccion facturad,solicita revisión facturando medidor consumo subió mil kwh mes disminuido jornadas trabajo empresa factura macromedidor,,2
reclamo,estrato incorrecto,proceso anterios factura luz nombre aparece estracto tres realidad dos siguiente resido zona rural vereda bajo arenillo puentes allí cinco casas rededor cuales llega además tener alli ubicadas estan alto riesgo mitigable favor hacer reclasificación pertinentey devoluciones compensaciones valores pagado ecceso nueva solicitud día radiqué número respuesta solicitaron estratificación planeación municipio hecho superó apenas noviembre notifique certificación solicitado cambio,,2
reclamo,subsidios y contribuciones,sres chec medio presente hago ustedes solicitud reintegro dinero concepto cobros generados primero junio hoy noviembre equivalente contribución pues tipo actividad realizada empresa derecho exoneración misma segun ley pude ser beneficiado comienzo falta asesoría información clara parte deligenciamento dicho beneficio,,2
reclamo,"cobros por conexion, reconexion, reinstalacion",buenos días día noviembre realice respectivo pago factura doble diciembre cortaron luz pagado comunicarme asesor indica programado corte servicio tenia pagar conexion acuerdo tener reconexion sabiendo anterioridad,,2
reclamo,cobro de revisiones,dia noviembre reporte daño orden tecnico soluciono medidor ingreso casa deja cuenta culpa chec decir cada cobra violatorio ley dado corresponde empresa solicito cargar dicho factura quejare superintendencia,,2
reclamo,inconformidad con el consumo o produccion facturad,usuario solicita revisión exahustiva instalaciones medidor consumos presentó aumento facturado junio octubre queda saldo cancelar,,2
reclamo,inconformidad con el consumo o produccion facturad,solicito amablemente revisión lectura corte octubre noviembre año curso debido incremento desmedido kwh pagar,,2
reclamo,inconformidad con el consumo o produccion facturad,solciitud interesados retirar servicio medidor indicado instalado dirección indicada procedimiento solicitud realizar visita verificación inspección técnica red interna asociada suministro exclusivamente primer piso inmueble ubicado calle barrio estrella manizales propiedad cooperativa multiactiva sena regional caldas nit cuanto segundo tercer mismo cuenta adicional,,2
reclamo,inconformidad con el consumo o produccion facturad,solicito revisión factura octubre mas alta año pesos encima cobraron mes mayo revisen pasando,,2
reclamo,inconformidad con el consumo o produccion facturad,manera amable solicito informen razón cobro mensual demasiado alto comparado facturación sector técnicos dejan volante informativo poder hacerle seguimiento consumo registro lectura indica informan calculo situación anómala dentro sistema calidad queja vez petición menor tiempo posible dejen hacer indiquen hacen procedimiento efectivo transparente,,2
reclamo,"cobros por conexion, reconexion, reinstalacion",solicito colaboracion correspondiente cobro reconexion emitido factura procedente ser error directamente proveedor servcio cortarnos servicio energia noviembre pago habia generado mismo mes requiero descuento inmediato gracias,,2
reclamo,inconformidad con el consumo o produccion facturad,ultima factura incrementó mas acuerdo cobro ducha eléctrica electrodomésticos bombillos ahorradores agradezco pronta solución,,2
reclamo,subsidios y contribuciones,solicito reintegro contribución energía cobrada documento equivalente correspondiente periodo oct nov debió facturarse empresa desarrollar actividad industrial goza exención dicha,,2
reclamo,inconformidad con el consumo o produccion facturad,buenos días reclamo factura llego pagar noviembre cara quisiera saber pasa posible realizar revisión,,2
reclamo,inconformidad con el consumo o produccion facturad,cliente través sspd solicita visita técnica determinar causa variación consumo hogar mismas personas aparatos eléctricos,,2
reclamo,inconformidad con el consumo o produccion facturad,cliente través sspd presenta reclamo alto consumo solicita revise,,2
reclamo,estrato incorrecto,cliente través sspd presenta reclamo inconformidad estrato tres manifiesta ser dos acuerdo predial,,2
reclamo,pago sin abono a cuenta,cobrando recibo mes anterior pago tiempo vía internet pagar reciente cobran nuevamente mas consumo ultimo exijo haga revisión pagos realizados descuento cobro siguiente,,2
reclamo,inconformidad con el consumo o produccion facturad,fact correspondiente servicio presenta aumento veces respecto anteriores evidenciar archivo adjunto llega saldo anterior encuentro día verificar anexa,,2
reclamo,inconformidad con el consumo o produccion facturad,queja tan alto llegando factura luz vivienda nueva solo llevamos viviendo mes septiembre dos adultos bebe casa mantiene sola trabajamos día justifica consumo energía cobrando aun mas alumbrado publico calles barrio cuadra iluminación,,2
reclamo,subsidios y contribuciones,miriam buitrago alzate,,2
reclamo,subsidios y contribuciones,constructora cfc asociados,,2
reclamo,inconformidad con el consumo o produccion facturad,rad requiere revision completa solicito realice ajuste factura correspondiente periodo facturación llegó aumento injustificado servicio expliquen razon incrementado tarifa norma acuerdo municipal autoriza incremento debe mismo,,2
reclamo,inconformidad con el consumo o produccion facturad,rad requiere revison completa revision facturacion obro excesivo solo viven dos personas lugar,,2
reclamo,pago sin abono a cuenta,rad pagado factura referencia pago canal online finalizo proceso banco regresar chec vencio sesión ende mostro pagina confirmando requerimos confirmar,,2
reclamo,inconformidad con el consumo o produccion facturad,rad factura mes septiembre noviembre llego exageradamente alta solo motobomba puerta electrica favor revizar error datos,,2
reclamo,inconformidad con el consumo o produccion facturad,rad solicitud copias manera atenta permito solicitarles copia constancias lectura realizadas bien inmueble resido mes julio noviembre fin realizar comparativo facturas allegadas anterior cuenta consumos elevado encuentra justificación alg,,2
reclamo,inconformidad con el consumo o produccion facturad,rad requiere revision completa medio presente deseo manifestar inconformidad cobro servicio energía toda vez últimas facturas aumento casí mil pesos situación preocupante debido realizado actividades aumenten consumo agradezco atención prestada david cañón,,2
reclamo,"cobros por conexion, reconexion, reinstalacion",momento cortar energía llegó hijo factura pagada atendido funcionario mantener servicio debe reconectarse inmediatamente cargo reconexión,,2
reclamo,inconformidad por cobros por normalizacion del ser,arreglo poste diagonal propiedad realizaso parte funcionarios chec dejaron energia inmueble llamo empresa través solicitud expresan debe asumir usuario costo exijo adelante propios recursos fué ocasionó daño prestadora servicios públicos deben tener pólizas daños terceros siniestros,,2
reclamo,inconformidad con el consumo o produccion facturad,factura llega costo corresponde consumos tradicionales vivienda viven solo dos personas años cometen excesos propongo cobre acuerdo promedio históricos forma afecte económicamente argumento supuesto daño pueden hacer edad detectar arreglar poner riesgo integridad espera respuesta satisfactoria justa,,2
reclamo,inconformidad con la informacion,favor revisar cuenta documento equivalente facturaron kwh censo reportado,,2
reclamo,"cobros por conexion, reconexion, reinstalacion",factura estan cobrando concepto reconexion servicio proceso nunca llevado cabo inmueble resido cortado menos reconectado,,2
reclamo,cobro por recuperacion de consumos,usuaria solicita eliminar cobro recuperación energía haberse garantizado debido proceso,,2
reclamo,cobro desconocido,usuaria solicita eliminar cobro encuentra justificado factura,,2
reclamo,cobro de cargos relacionados con el servicio publi,favor aclaran parte consolidado factura uds realizan cobro total conceptos chec refiere entiendo concepto identificado cargo mayor consumo energia agradezco respuesta pqr mas pronto posible gracias,,2
reclamo,cobro de cargos relacionados con el servicio publi,usuario solicita revisados pagos debido automático cuentas chec dado año pasado viene presentando inconvenientes generando asi cobro interese mora corresponder genera retrocesos deben enviar buzon recaudo empresarial pago solicitar nota credito hacer respectivo revise reliquiden intereses cobrados,,2
reclamo,subsidios y contribuciones,solicito revisado cobro realizado factura expedida servicio prestado diciembre enero cuyo realiza debe ser exonerado acuerdo decretos resolución actividad económica debemos exonerados,,2
reclamo,subsidios y contribuciones,comedidamente solicito exoneración cobro contribución acuerdo decreto reintegro años anteriores,,2
reclamo,subsidios y contribuciones,comedidamente solicito exoneración cobro contribución acuerdo decreto reintegro años anteriores,,2
reclamo,cobro de cargos relacionados con el servicio publi,usuario solicita revisados pagos debido automático cuentas chec dado año pasado viene presentando inconvenientes generando asi cobro interese mora corresponder genera retrocesos deben enviar buzon recaudo empresarial pago solicitar nota credito hacer respectivo revise reliquiden intereses cobrados,,2
reclamo,cobro de cargos relacionados con el servicio publi,usuario solicita revisados pagos debido automático cuentas chec dado año pasado viene presentando inconvenientes generando asi cobro interese mora corresponder genera retrocesos deben enviar buzon recaudo empresarial pago solicitar nota credito hacer respectivo revise reliquiden intereses cobrados,,2
reclamo,cobro de cargos relacionados con el servicio publi,usuario solicita revisados pagos debido automático cuentas chec dado año pasado viene presentando inconvenientes generando asi cobro interese mora corresponder genera retrocesos deben enviar buzon recaudo empresarial pago solicitar nota credito hacer respectivo revise reliquiden intereses cobrados,,2
reclamo,pago sin abono a cuenta,sirva presente notificar cancelando mes factura envía oportunamente chec correo embargo enviado cancelado diciembre inmueble venta desocupado lugar residencia bogotá hija ayudando pagar internet ninguna entidad recibe pago tener física código barras solicito hagan favor hacer efectivo anterior vence enero valiosa ayuda reitero gratitud,,2
reclamo,cobro de cargos relacionados con el servicio publi,invocando derecho petición consagrado art permitimos respetuosamente dirigirnos ustedes fin solicitarles corregido intereses mora vienen facturando pagos efectuado oportunamente cuenta nombre hospital san rafael municipio risaralda caldas,,2
reclamo,cobro de cargos relacionados con el servicio publi,usuario solicita revisados pagos debido automático cuentas chec dado año pasado viene presentando inconvenientes generando asi cobro interese mora corresponder genera retrocesos deben enviar buzon recaudo empresarial pago solicitar nota credito hacer respectivo,,2
reclamo,inconformidad con el consumo o produccion facturad,inconforme facturado periodo diciembre saldo anterior facturas canceladas día,,2
reclamo,cobro de cargos relacionados con el servicio publi,usuario solicita revisados pagos debido automático cuentas chec dado año pasado viene presentando inconvenientes generando asi cobro interese mora corresponder genera retrocesos deben enviar buzon recaudo empresarial pago solicitar nota credito hacer respectivo revise reliquiden intereses cobrados,,2
reclamo,cobro por recuperacion de consumos,presente objetivo solicitar cancelación cobro haciendo través oficio remisorio vivienda desocupada periodo adjunta factura gas consumo,,2
reclamo,inconformidad con el consumo o produccion facturad,evidencia consumo excesivo energía mes diciembre solicito revisión,,2
reclamo,cobro de cargos relacionados con el servicio publi,usuario solicita revisados pagos debido automático cuentas chec dado año pasado viene presentando inconvenientes generando asi cobro interese mora corresponder genera retrocesos deben enviar buzon recaudo empresarial pago solicitar nota credito hacer respectivo revise reliquiden intereses cobrados,,2
reclamo,estrato incorrecto,corrección estratificacion vivienda anexo carta solicitud documento planeacion municipal debe ser reclamo cliente solicitando reembolso,,2
reclamo,cobro de cargos relacionados con el servicio publi,usuario solicita revisados pagos debido automático cuentas chec dado año pasado viene presentando inconvenientes generando asi cobro interese mora corresponder genera retrocesos deben enviar buzon recaudo empresarial pago solicitar nota credito hacer respectivo revise reliquiden intereses cobrados,,2
reclamo,cobro de otros bienes o servicios en la factura,usuario inconforme cobro realizado factura concepto seguro funerario pues manifiesta pagado mes según funeraria exige mas respecto seriedad familia quedado desprotegida tocado afiliarse,,2
reclamo,inconformidad con el consumo o produccion facturad,cliente presenta inconforme cobro hace factura actual saldo anterior revisión previa solicita explicación,,2
reclamo,"cobros por conexion, reconexion, reinstalacion",factura correspondiente periodo oct nov documento equivalente realizando cobro reconexión inmueble realizado corte reinstalación así mismo dic llego doble pago primera reflejado concepto expuesto anteriormente comedidamente solicito rectifique realice consideración expidió nueva comprende adeudado sistema puntos recaudo permite parcial expida verifique valores correctos cancelar suspensión servicio empresa informe,,2
reclamo,subsidios y contribuciones,solicito informe contribución estrato corresponde soporte jurídico causa dar aporte tan alto estrado espero pronta respuesta términos articulo constitución política ley,,2
reclamo,inconformidad con el consumo o produccion facturad,expreso inconformidad cobro factura razón apto cerrado solo nevera conectada demás tacos abajo consumo rebaja considero consecuente favor explica,,2
reclamo,estrato incorrecto,solicito amablemente corrección estrato factura regrese dinero pagado,,2
reclamo,subsidios y contribuciones,solicitar aplicar inmediatamente estrato facturación cuenta chec ajustar facturas meses anteriores contribución pagada subsidios apliquen saldo favor,,2
reclamo,inconformidad con el consumo o produccion facturad,solicitud reclamar excesivo factura energía mes aparte supera costoso servicio incremento pesos mas ninguna justificación hago uso igualmente meses anteriores adicional espero pronta respuesta solución,,2
reclamo,cobro de cargos relacionados con el servicio publi,usuario solicita revisados pagos debido automático cuentas chec dado año pasado viene presentando inconvenientes generando asi cobro interese mora corresponder genera retrocesos deben enviar buzon recaudo empresarial pago solicitar nota credito hacer respectivo revise reliquiden intereses cobrados,,2
reclamo,inconformidad con el consumo o produccion facturad,encuentra motivo últimos meses visto incremento exagerado factura anteriores máximo llegase cancelar pesos dos facturados hoy día llegando sugiere hacer minuciosa verificación,,2
reclamo,pago sin abono a cuenta,cliente pago través pagina después apareció pendiente solicita claridad,,2
reclamo,inconformidad con el consumo o produccion facturad,solicito revisada facturación periodo noviembre enero nota doble consumo,,2
reclamo,cobro de otros bienes o servicios en la factura,nuevamente presento queja sigue cobrando seguro factura pues adquirido autorizado solicito reintegrado pagado asciende nuevo cobro dispuesto pagarlo insisto devolución pague,,2
reclamo,inconformidad con el consumo o produccion facturad,consumo energia periodo noviembre enero casa desocupada octubre favor solicito haga revision contador,,2
reclamo,inconformidad con el consumo o produccion facturad,acuerdo factura periodo diciembre enero predio permanece solo dobló,,2
reclamo,inconformidad con el consumo o produccion facturad,solicito revisada facturación generando cobro saldo anterior pagado facturas valores generado,,2
reclamo,"cobros por conexion, reconexion, reinstalacion",día hoy cancele factura horas mas tarde suspendieron servicio funcionario subiera establecimiento solicitar pago tampoco dejo constancia corte solicito cobren reconexion realizado,,2
reclamo,inconformidad con el consumo o produccion facturad,cliente manifiesta inconformidad consumo registrado periodo comprendido enero febrero indica alto comparacion factura anterior,,2
reclamo,inconformidad con el consumo o produccion facturad,cliente descontenta conel factura periodo servicio diciembre enero pues cobra saldo anterior inexistente,,2
reclamo,inconformidad con el consumo o produccion facturad,cliente manifiesta inconformidad consumo facturado periodo servicio enero febrero,,2
reclamo,"cobros por conexion, reconexion, reinstalacion",favor colaboren cobrando conexion luz ningún momento sucedido muchas gracias atención verificar bien,,2
reclamo,inconformidad con el consumo o produccion facturad,veo extrañeza recibo pago marzo presenta pagar desproporcionado mala lectura registra consumo febrero aun realmente día hoy requiero ajuste mismo pronta solución,,2
reclamo,cobro de acuerdo de pago o financiacion,adjunto solicitud revisión error nombre suscriptor cargo crédito corresponde parecer cargaron pfs pertenece,,2
reclamo,inconformidad con el consumo o produccion facturad,solicito comedidamente ustedes revision consumo razon justificada subido estable maximo ultimos meses mes marzo incremento exagerado unidades agradezco respuesta parece deba pagar tan elevado corresponde normal,,2
reclamo,pago sin abono a cuenta,pague factura apostar marzo aparece pagado tan descarados cortar servicio ahi hacen rapido estan pendiente cliente,,2
reclamo,inconformidad con el consumo o produccion facturad,buenas tardes pido favor revisar último recibo presentó aumento anormal casa solo habitan dos personas ambas trabajan mucha gracias tiempo quedo atento respuesta,,2
reclamo,inconformidad con el consumo o produccion facturad,fuga casa resuelta hace dos meses continua solicito revisión alguien dio solución,,2
reclamo,inconformidad con el consumo o produccion facturad,buenas tardes solicitar revision lectura contador cobro factura periodo feb mar kwh mas normal meses ademas aumebto pesos,,2
reclamo,inconformidad con el consumo o produccion facturad,medio presente basados art dirijo ustedes fin solicitarles revisión contador energía debido altos costos factura registrada dirección mencionada quedo atenta valiosa visita verificación,,2
reclamo,inconformidad con el consumo o produccion facturad,favor revisar consumos encima promedio meses febrero marzo adicional llega mas costosa pesar consumo menor,,2
reclamo,inconformidad con el consumo o produccion facturad,ultima fra llego alto pesar contingencia coronavirus encuenta demas meses pagados altos tambien solo dos personas vivienda adulto mayor hijo necesito favor revision inmueble mil gracias,,2
reclamo,inconformidad con el consumo o produccion facturad,enero presente año administración edificio mirador villacarmenza solicitando chec resultados investigación adelantada parte entidad variaciones lecturas realizadas mes julio cuenta mención desconocemos llegó facturación incluyendo liquidación total adeudado embargo información insuficiente respecto solicitud manifestado repetidas ocasiones requerimos aclare períodos concepto corresponde dado obligación contraída período anterior noviembre constructora barichara aún realizado entrega propiedad horizontal ver documento adjunto,,2
reclamo,cobro multiple y/o acumulado,necesito información factura ser solo mes cobro alto,,2
reclamo,inconformidad con el consumo o produccion facturad,buenas tardes pase recientemente apto menos personas mismo estrato vivia llegando mas caro quisiera revisaran parece cifra alta dos ubicacion agradezco,,2
reclamo,inconformidad con el consumo o produccion facturad,solicito comedidamente ustedes revision consumo razon justificada subido estable maximo ultimos meses mes marzo incremento exagerado unidades agradezco respuesta parece deba pagar tan elevado corresponde normal,,2
reclamo,pago sin abono a cuenta,pague factura apostar marzo aparece pagado tan descarados cortar servicio ahi hacen rapido estan pendiente cliente,,2
reclamo,inconformidad con el consumo o produccion facturad,buenas tardes pido favor revisar último recibo presentó aumento anormal casa solo habitan dos personas ambas trabajan mucha gracias tiempo quedo atento respuesta,,2
reclamo,inconformidad con el consumo o produccion facturad,fuga casa resuelta hace dos meses continua solicito revisión alguien dio solución,,2
reclamo,inconformidad con el consumo o produccion facturad,usuaria manifiesta inconformismo factura mes marzo abril evidencio desviación significativa kwh facturados periodo anterior,,2
reclamo,inconformidad con el consumo o produccion facturad,factura llego cara adjunta copia,,2
reclamo,clase de uso incorrecto,formalmente solicito visita cambio uso servicio comercial residencial dado tomamos alquiler vivienda pagando normal pagabamos mismo sector anexo copia predial útimo pago agradezco atención pronta solución,,2
reclamo,pago sin abono a cuenta,presenta elevado costo factura marzo pesar realizo respectivo pago anexo certificacion mes anterior favor generar actualizada gracias,,2
reclamo,pago sin abono a cuenta,buenas tardes adjunto envío constancia pago servicio referencia internet logro ver número medidor foto factura solicito aplique gracias,,2
reclamo,inconformidad con el consumo o produccion facturad,lectura febrero marzo llega cobro elevado mil pesos hago reclamo servicio ido incrementando justa causa inquilinos básico anterior necesito nuevamente revisión den solución oportuna gracias,,2
reclamo,inconformidad con el consumo o produccion facturad,conformidad costo factura pues solo habitamos personas estrato,,2
reclamo,inconformidad con el consumo o produccion facturad,solicito revisión lectura redes eléctricas afectan establecimiento consumo periodo febrero marzo demasiado alto respecto regular muchas gracias quedo atento,,2
reclamo,inconformidad con el consumo o produccion facturad,revisión factura mes febrero marzo cobro excesivo paso periodo tiempo señalado considero corresponde realidad,,2
reclamo,cobro de cargos relacionados con el servicio publi,solicita retiro cobros intereses moratorios factura dado pagado manera puntual lugar mismos,,2
reclamo,cobros por promedio,quisiera revisaran factura adjunta alto predio existe porcicola igual manera operario chec tomar medida contador aseguró llevaba meses lectura daba miedo subir finca perros motivo reclamacion,,2
reclamo,pago sin abono a cuenta,factura correspondiente ultimo periodo facturado llego mes deuda pago realizo cobro servicios prestado pido amablemente rectificación,,2
reclamo,inconformidad con el consumo o produccion facturad,buenas tardes solicitar revision lectura contador cobro factura periodo feb mar kwh mas normal meses ademas aumebto pesos,,2
reclamo,inconformidad con el consumo o produccion facturad,cordialmente solicito revisión lectura facturas periodo oct dic feb factura incremento previas llegaron aproximadamente menos ultimas dos detalladas parte superior gracias atención,,2
reclamo,inconformidad con el consumo o produccion facturad,cliente manifiesta inconformidad cobros excesivos reflejan últimos pagos mes febrero indica factura llegando doble solicita revisión períodos reclamación,,2
reclamo,estrato incorrecto,solicito comedidamente revisar cambiar estrato valores lado capacidad pagarlo toda vez sisben categorización vereda entiendo aparezco pagos bastaría ultimas facturas allegadas predio usuaria anexa dos ilegibles mayoria,,2
reclamo,inconformidad con el consumo o produccion facturad,usuaria presenta inconformidad argumenta cómo posible apto solo vivo hijo factura energia multiplicado normalmente cancelado maximo mes llego dice realmente parece injusto aprovechen asi manera tiempo,,2
reclamo,pago sin abono a cuenta,buenos días quisiera saber momento factura cancelar doble hecho pago,,2
reclamo,pago sin abono a cuenta,poner queja cobro factura llegó doble pasada paga febrero marzo abril cobrando saber puedo hacer caso pueden rehacer poder pagarla,,2
reclamo,"cobros por conexion, reconexion, reinstalacion",acuerdo cobro reconexion febrero factura habia cancelado reclamo,,2
reclamo,pago sin abono a cuenta,pagar actual factura viene consumo mes anterior cancelado,,2
reclamo,inconformidad con el consumo o produccion facturad,pasa negocio cerrado casi mes recibo llegó caro,,2
reclamo,inconformidad con el consumo o produccion facturad,reclamo subió recibo pagaba mensual ahora llega doble favor necesito solución gracias,,2
reclamo,subsidios y contribuciones,deseo favor retiren concepto activa contribución actualmente encuentro condiciones económicas tenerla,,2
reclamo,inconformidad con el consumo o produccion facturad,consumos reportados últimos meses factura incremento año mas vivimos solo personas exagerado favor verificar lecturas medidor noviembre pagamos mil abril justo cambio hogar absolutamente,,2
reclamo,inconformidad con el consumo o produccion facturad,factura llegó doble razones bien conocemos valores atrasada parecieron altos respecto siempre pagamos pedimos favor especifiquen conceptos dicha mil gracias,,2
reclamo,cobros por promedio,demasiado cambio promedio además venia rebaja consumo elevó encima forma pagar total ahora cobra pedimos solución llegar acuerdo,,2
reclamo,inconformidad con el consumo o produccion facturad,favor revisar consumos encima promedio meses febrero marzo adicional llega mas costosa pesar consumo menor,,2
reclamo,inconformidad con el consumo o produccion facturad,favor colaboración hacer revisión subió factura mes solamente vivo persona casa quedo atenta gracias,,2
reclamo,inconformidad con el consumo o produccion facturad,saludos recibo llego cosa parece exagerada acabamos formalizar servicio debe haber algun error medicion gracias adjunta copia factura,,2
reclamo,pago sin abono a cuenta,cancele factura correspondiente feb marzo dia abril aun aparece pendiente pago,,2
reclamo,inconformidad con el consumo o produccion facturad,enero presente año administración edificio mirador villacarmenza solicitando chec resultados investigación adelantada parte entidad variaciones lecturas realizadas mes julio cuenta mención desconocemos llegó facturación incluyendo liquidación total adeudado embargo información insuficiente respecto solicitud manifestado repetidas ocasiones requerimos aclare períodos concepto corresponde dado obligación contraída período anterior noviembre constructora barichara aún realizado entrega propiedad horizontal ver documento adjunto,,2
reclamo,cobro de cargos relacionados con el servicio publi,mensualmente realizo pago factura energía vía electrónica automáticamente aparece supuesto aporte voluntario autorice arbitrariamente debitado exijo devolución dinero portal electrónico ninguna opción,,2
reclamo,cobro multiple y/o acumulado,necesito información factura ser solo mes cobro alto,,2
reclamo,inconformidad con el consumo o produccion facturad,buenas tardes quiero dejar constancia inconformidad cobro factura periodo tubo incremento descomunal facturación anterior cancele quiere decir tube casi,,2
reclamo,inconformidad con el consumo o produccion facturad,denuncio exagerado cobro periodo marzo abril,,2
reclamo,inconformidad con el consumo o produccion facturad,pido cordialmente revisar llegando tan caro consumo momento crisis solo administrador costo elevadisimo gracias usuario autoriza respuesta mail,,2
reclamo,inconformidad con el consumo o produccion facturad,últimos meses visto aumento desmoderado desmedido factura agradezco revisión aumentos mensuales sido promedio pesos,,2
reclamo,inconformidad con el consumo o produccion facturad,solicito organicen error cada mes llegando doble factura haciendo medir revisando contadores,,2
reclamo,inconformidad con el consumo o produccion facturad,buenas tardes sucede factura voy pagando consumo energía subido forma desbordante tres meses cada mes necesito favor solucionen revisión red costos irrisorios mas época pandemia muchas gracias,,2
reclamo,"cobros por conexion, reconexion, reinstalacion",factura febrero marzo aparece cobro reconexion servicio corresponde dicha hizo pago segun comprobante dirigido considero adecuado dicho,,2
reclamo,inconformidad con el consumo o produccion facturad,respetuosamente solicito revisión factura pago últimos dos meses llegado incremento aproximado cada mes siempre pagado periodo reclamación corresponde facturación,,2
reclamo,inconformidad con el consumo o produccion facturad,empresa arrienda inmueble día trabajar pandemia covid hace meses suspendimos operación nadie usando servicios mes aumento considerablemente solicitamos revisión disminución factura,,2
reclamo,inconformidad con el consumo o produccion facturad,cuenta periodo mar abr alto incremento consumo observa promedio kwh personas casa justificación tan,,2
reclamo,inconformidad con el consumo o produccion facturad,posible marzo abril llegue estipulado aumenta demás meses multiplicar recibo aparece gracias usuario autoriza respuesta mail,,2
reclamo,inconformidad con el consumo o produccion facturad,dos ultimas facturas incremento estan aprovechando situacion cuarentena cobrar mas sigo trabajando normal casa vacia dia exijo revisen cobro,,2
reclamo,inconformidad con el consumo o produccion facturad,inconformidad tarifas costos elevados factura justificación posible dos meses pago siguiente mes mil pesos elementos usados siguen siendo mismos consumo justificado alza extremadamente alto considera atropello suscriptores época,,2
reclamo,inconformidad con el consumo o produccion facturad,radicado pqr dijeron contador bien vez llego factura mas venia pagando pueden ver pagos ultimo año solicito revisión interna periodo comprende,,2
reclamo,inconformidad con el consumo o produccion facturad,quiero saber factura subió doble día,,2
reclamo,inconformidad con el consumo o produccion facturad,considero demasiado excesivo incremento paso pagar mes marzo abril cabe resaltar consumos sido promedio aproximadamente respeto solicito revisión periodo facturado,,2
reclamo,inconformidad con el consumo o produccion facturad,facturando consumo alto cuenta meses anteriores atípico suba kwh revisar factura cobre realmente tan caro llego,,2
reclamo,inconformidad con el consumo o produccion facturad,factura llego mas alto normal requerimiento favor revisen medidor muchísimas gracias quedo atenta,,2
reclamo,inconformidad con el consumo o produccion facturad,dirijo acuerdo cobro factura mes paso pues veo razón extra ordinario deseo favor revise caso incremento demasiado usuario autoriza envió respuesta mail,,2
reclamo,inconformidad con el consumo o produccion facturad,factura llego casi doble parecen injustos creo aprovechando situación aunque par uds así queje van hacer usuario autoriza respuesta mail,,2
reclamo,inconformidad con el consumo o produccion facturad,consumo feb marzo abril diferencia sido mismo,,2
reclamo,inconformidad con el consumo o produccion facturad,inicio cuarentena casa encuentra vacía solo normalidad habitan personas motivo factura incremente anterior pagó mes llegó favor solicito información rectificación pagar mil gracias,,2
reclamo,inconformidad con el consumo o produccion facturad,solicito ayuda factura energía mes enero evidencia coso aumento injustificadamente tarifa normal ultima abril llego justificable mas situación favor realicen debido ajuste acorde consumo correctamente emergencia sanitaria asumiré costos reconexión multas,,2
reclamo,pago sin abono a cuenta,realice pago factura marzo embargo registró sistema día siguiente género aplicaran descuento empleados solicito aplique energía facturación febrero permita cancelar alumbrado público,,2
reclamo,inconformidad con el consumo o produccion facturad,incremento costo factura febrero adelante sido exagerado cuenta inmueble hotel servicio solicito revision,,2
reclamo,inconformidad con el consumo o produccion facturad,solicito acuerdo pago situacion vive pandemia solcito revisen consumos estan elevados,,2
reclamo,pago sin abono a cuenta,reclama cobro dos meses factura indicando realiza pagos app banco indica descuento realizado aporta pantallazo movimiento pse abril,,2
reclamo,inconformidad con el consumo o produccion facturad,manera mas respetuosa dirijo ustedes fin solicitarles reajuste factura servicios públicos energia adjunto pdf debido normalmente pago mes promedio mil pesos vez llego significa incremento forma injustificada dice ser aporte voluntario ayudar crisis resto aumento injustificado queda ademas cuesta creer medio muriendo personas demás situaciones negativas conlleva economía empresa quieran sacar provecho situación antemano respeto solicito reenviado nuevo recibo tiempos mínimos establecidos,,2
reclamo,inconformidad con el consumo o produccion facturad,derecho petición extenso reclama consumo absolver siguientes preguntas manera clara expresa factura cobra escandalosa renglón obedece cobro exagerado cuenta vuelva repetir,,2
reclamo,inconformidad con el consumo o produccion facturad,sorprendida cobro factura periodo marzo abril llegó mas costosa ventas redujeron servicios empresa cerrados entiendo tan alto capacidad pagarla adjunta oficio,,2
reclamo,inconformidad con el consumo o produccion facturad,buenos días remito ustedes cordialmente reportar anomalía consumo energía correspondiente período tiempo marzo abril revisando consumos históricos factura cuestión espero pronta respuesta muchas gracias usuario autoriza email,,2
reclamo,inconformidad con el consumo o produccion facturad,reportar incremento injustificado factura mes justo emergencia covid,,2
reclamo,inconformidad con el consumo o produccion facturad,buenas tarde solicito comedidamente verificado contador casa consumo alto agregado solo cuenta nevera fros bombillos prende mismo tiempo estrato bajo agradezco antemano pronto verificación solución gracias,,2
reclamo,inconformidad con el consumo o produccion facturad,factura anterior llegó mes despropósito continuamos mismas prácticas ahorro siempre cuarentena alteró diario vivir sabemos hacer uso responsable servicios públicos conocemos derechos acudiré superintendencia exponer caso,,2
reclamo,inconformidad con el consumo o produccion facturad,derecho petición posibles inconsistencias adjunto oficio facturas,,2
reclamo,inconformidad con el consumo o produccion facturad,solicito haga nueva lectura consumo facturación energía domicilio mes marzo abril aumento exageradamente periodo tratado ahorrar máximo,,2
reclamo,inconformidad con el consumo o produccion facturad,presenta reclamo alto consumo factura período enero marzo solicita corrección pues considera gasto energia informa,,2
reclamo,inconformidad con el consumo o produccion facturad,aumento pesos factura dejado utilizar electrodomésticos menos personas domicilio poruwe,,2
reclamo,pago sin abono a cuenta,revisión factura mes feb mar aparece cobro saldo anterior cancelado susuerte según referencia pago,,2
reclamo,inconformidad con el consumo o produccion facturad,favor hacer revisión medidor vivo sola factura llega demasiado costosa mes presento incremento alto usuario autoriza respuesta mail,,2
reclamo,inconformidad con el consumo o produccion facturad,medio presente quiero comunicarles grave inconveniente periodo facturado anexo documento soporte estudiar caso realizo revision,,2
reclamo,inconformidad con el consumo o produccion facturad,manifiesta inconformidad consumo registrado periodo marzo abril aumento desproporcionado kilovatios tener cuenta daño externo medidor genera variables ademar encuentra curso recurso reposicion proceso,,2
reclamo,inconformidad con el consumo o produccion facturad,manifiesta consumo demasiado alto consume igual menos meses anteriores adjunta factura,,2
reclamo,inconformidad con el consumo o produccion facturad,subio servicio consumo kwh menor mes pasado favor revisar demasiado estan cobrando solo adjunta factura,,2
reclamo,inconformidad con el consumo o produccion facturad,usuaria manifiesta meses feb mar abr may presente año venido presentando alza factura muestran archivos adjuntos cada mes siendo siempre consumo equilibrado apartamento solo viven personas costos elevados incrementos inexplicables costo,,2
reclamo,inconformidad con el consumo o produccion facturad,usuario inconforme consumo facturado periodo comprendido marzo abril,,2
reclamo,cobros por promedio,aparece lectura actual anterior diferencia consumo correcto debería ser además facturan alumbrado público predio rural centro poblado servicio,,2
reclamo,pago sin abono a cuenta,inconveniente factura mes abril aparece dos meses marzo pagó anterior puede solucionar pagar solo correspondiente adjunta pago,,2
reclamo,inconformidad con el consumo o produccion facturad,inconsistencias facturación marzo abril,,2
reclamo,inconformidad con el consumo o produccion facturad,reclamo desviación significativa predio adjunta escrito usuario autoriza respuesta mail,,2
reclamo,inconformidad con el consumo o produccion facturad,presento reclamo desviación significativa mas,,2
reclamo,inconformidad con el consumo o produccion facturad,usuaria manifiesta factura correspondiente periodo marzo abril doble mes pasado solicita revisión situación difícil pagar servicios tan costosos,,2
reclamo,inconformidad con el consumo o produccion facturad,buenas tardes quiero dirigirme ustedes fin hacer queja alza energia llego cara tan amables dan pronta respuesta justo emergencia llegue factura entonces porfavor respuest muchas gracias,,2
reclamo,inconformidad con el consumo o produccion facturad,reclamo alto consumo periodo ultimo kwh marzo abril,,2
reclamo,cobro multiple y/o acumulado,descontaron cuenta banco colpatria dia mayo doble factura energía solicito abonado cobrado mas próximas facturas,,2
reclamo,cobro de cargos relacionados con el servicio publi,solicito corresponda planeación municipal chec den respuesta solución inmediata verifique información doy constate adeudan costo servicio alumbrado público haga devolución efectivo descuento mes abril vea reflejado factura junio dado mayo llegó cobro correcto finalmente tomen medidas necesarias situaciones vuelvan presentar pues genera inconformidad desconfianza,,2
reclamo,inconformidad con el consumo o produccion facturad,incrementaron factura mes,,2
reclamo,inconformidad con el consumo o produccion facturad,solicito amablemente revisen lectura consumo mes pasado pague mayo llegó factura incremento ninguna variación casa necesito realicen corrección caso,,2
reclamo,inconformidad con el consumo o produccion facturad,cliente inconforme consumos facturados mes abril pide lectura contador considera facturada real hace referencia descuento pago oportuno otorgado pandemia covid factura dice proximo absurdo,,2
reclamo,inconformidad con el consumo o produccion facturad,usuaria solicita revisión contador lectura manifiesta incremento pago luz subió periodo,,2
reclamo,inconformidad con el consumo o produccion facturad,presenta alto consumo justa causa,,2
reclamo,inconformidad con el consumo o produccion facturad,inconforme cobrado solo dos personas cocinamos bañamos gas prendemos radio televisor gobierno dijo congelarían tarifas cada mes cobran mas injusto situación atravesando usuario autoriza respuesta mail,,2
reclamo,inconformidad con el consumo o produccion facturad,usuaria solicita explique aumento energía factura anterior actual manifiesta exagerado venido aumentando loca,,2
reclamo,inconformidad con el consumo o produccion facturad,petición inconformidad parámetro utilizado cobro conforme dispone artículo constitución nacional artículos ley decreto,,2
reclamo,inconformidad con el consumo o produccion facturad,superintendencia servicios públicos domiciliarios sspd número radicado caso factura siempre pagado promedio luz mil pesos mes abril llega cobro excesivo irrisorio cuenta vivienda menos personas consumo mismo venido meses atrás ende requerimos soluciones peticiones disminuir costo normalmente manejado llegado aún sabiendo hogar,,2
reclamo,inconformidad con el consumo o produccion facturad,usuaria solicita revisión precio elevado facturación periodo,,2
reclamo,inconformidad con el consumo o produccion facturad,inconformidad consumo facturado indica viven solo personas mayores único televisor facturación abril,,2
reclamo,subsidios y contribuciones,dia aril cancelo factura cobraron contribucion pagarlo favor requiero reintegren dinero solo cancelaremos consumo activa,,2
reclamo,inconformidad con el consumo o produccion facturad,solicitud pertinente ajustes realizando chec mes desocupada vivienda estan anexando cargos adicionales factura,,2
reclamo,inconformidad con el consumo o produccion facturad,buenos días solicitud consumo parece demasiado costoso apartamento encuentra desocupado mes diciembre requiero favor verifiquen costo,,2
reclamo,pago sin abono a cuenta,realiza reclamo pago aplicado cuenta indica pagó oportunamente estan cobrando conceptos chec dice sabe corresponde,,2
reclamo,inconformidad con el consumo o produccion facturad,necesito saber porqué aumento factura energía pareció excesivo,,2
reclamo,inconformidad con el consumo o produccion facturad,usuario presenta inconformidad alto consumo periodo comprendido mar abr,,2
reclamo,tarifa incorrecta,solicitud revisión tarifa energía,,2
reclamo,cobros por promedio,presenta reclamo consumo facturado mes abril indica local cerrado dia marzo aún así cobra mismo,,2
reclamo,inconformidad con el consumo o produccion facturad,solicito manera respetuosa revisión consumo pues encuentro justificación aumento considerable facturación domicilio habitan mismas personas factura,,2
reclamo,inconformidad con el consumo o produccion facturad,reclama incremento facturas marzo encuentran cerrados casinos ende genera ningun consumo energia comparado promedio febrero,,2
reclamo,inconformidad con el consumo o produccion facturad,cerrado local marzo abril pagar parece alto favor revisar consumos,,2
reclamo,cobros por promedio,solicito revisión liquidación factura lectura real medidor adjunto oficio solicitud completa usuario autoriza respuesta mail,,2
reclamo,inconformidad con el consumo o produccion facturad,factura según medida contador cobro abril consumo similar consumos anteriores subió revisando comparándola considero error pagar coincide costo kwh autoriza respuesta correo electrónico,,2
reclamo,inconformidad con el consumo o produccion facturad,manifiesto inconformidad excesivo cobro última factura además llegó apenas ocho días después pago,,2
reclamo,inconformidad con el consumo o produccion facturad,quisiera expliquen cómo cobra servicio entiendo fórmula factura pues diferencia consumo lectura anterior sido solo ahora cobrar aprox mil pesos mas gracias usuario autoriza respuesta mail,,2
reclamo,inconformidad con el consumo o produccion facturad,entendemos incremento tan alto respecto meses febrero comenzando incrementar consumo factura completamente exagerado cobro realizando casa solo vivimos personas usuario autoriza respuesta mail,,2
reclamo,inconformidad con el consumo o produccion facturad,buenas tardes presenta incremento factura exagerado pasando promedio favor requiero verificación,,2
reclamo,inconformidad con el consumo o produccion facturad,conforme lectura mes pasado febrero marzo arrojó ahora abril despues contador solo marca promedio sido evidencia error factura llego casi dobletiada motivo verficar hoy apenas usuario autoriza respuesta mail,,2
reclamo,inconformidad con el consumo o produccion facturad,reclamo siento falla facturación siempre llega demasiado elevada aumentos significativos vecinos lado pagan mas maximo pague ultima hace cobro normal adicional facturas figuran estrato mia,,2
reclamo,inconformidad con el consumo o produccion facturad,rechazo facturas numero cuenta actuando calidad propietario identificado usuario servicio energía medidor número ustedes prestan inmueble ubicado calle presente radicamos derecho petición interés particular conforme siguiente consideraciones,,2
reclamo,inconformidad con el consumo o produccion facturad,rechazo facturas numero cuenta actuando calidad propietario identificado usuario servicio energía medidores número respectivamente ustedes prestan inmueble ubicado calle piso presente radicamos derecho petición interés particular conforme siguiente consideraciones,,2
reclamo,inconformidad con el consumo o produccion facturad,rechazo facturas numero cuenta actuando calidad propietario identificado usuario servicio energía medidor número ustedes prestan inmueble ubicado calle presente radicamos derecho petición interés particular conforme siguiente consideraciones,,2
reclamo,cobros por promedio,mes marzo pague abril incluir aporte prometieron aumentar tarifas extraña empresa sido tan correcta,,2
reclamo,cobros por promedio,rechazo facturas numero cuenta actuando calidad propietario identificado usuario servicio energía medidor número ustedes prestan inmueble ubicado calle presente radicamos derecho petición interés particular conforme siguiente remiten factura correspondiente consumo período marzo abril clínica encuentra operando año cobrado aquí referida hecho promedio efectivo real instalaciones presentado realizado actividades conduzcan incremento igual justifique facturado,,2
reclamo,inconformidad con el consumo o produccion facturad,cobrando kwh consumo promedio vivo sola siempre confinamiento enfermedad cocino energía calentador eléctrico,,2
reclamo,cobros por promedio,cliente manifiesta inconformidad cobros realizados abril indica cobro promedio hotel cerrado marzo emergencia covid,,2
reclamo,inconformidad con el consumo o produccion facturad,última factura marzo refleja mayor lectura mes anterior reflejado disminución aporte local encuentra cerrado coherente exista requiero ajusten valores realizando cruce cuenta favor próxima facturación radico errada,,2
reclamo,inconformidad con el consumo o produccion facturad,usuaria solicita explicación cerca incremento desmedido factura llego manifiesta apartamento desocupado marzo periodo abril,,2
reclamo,inconformidad con el consumo o produccion facturad,factura llegó mismo mes anterior local abre hace favor necesito resolver inconveniente mil gracias autoriza respuesta correo electónico,,2
reclamo,inconformidad con el consumo o produccion facturad,solucionado motivo factura residencia llega tan cara mes incremento casi mil pesos dejando claridad solo reside adulto niños anotar realizado verificacion contador luz momento llegar reduce,,2
reclamo,inconformidad con el consumo o produccion facturad,buenos dias necesito saber factura incremento,,2
reclamo,inconformidad con el consumo o produccion facturad,llego reportado incremento injustificado cancelar mes marzo subió consumo promedio meses cobrado abril acepto menos pagos diferidos,,2
reclamo,inconformidad con el consumo o produccion facturad,usuario manifiesta factura física llego pesos limite pago mayo voy pagar suerte día abril allí sistema aparece verifico pagina sale mismo quisiera saber motivo incremento,,2
reclamo,inconformidad con el consumo o produccion facturad,cobro triplico haber ningun cambio consumo vivienda periodo reclamación factura,,2
reclamo,inconformidad con el consumo o produccion facturad,incremento cobro pagar,,2
reclamo,inconformidad con el consumo o produccion facturad,buenas tardes inconformidad paago factura mes mayo llegado incremento pesos parece descaro vez dar alivio medio situación aprovechan suben forma descarada favor necesito digan mas quedo atenta,,2
reclamo,inconformidad con el consumo o produccion facturad,cobro factura ultimo periodo mar abr desfasado cerramos local marzo facturan consumo ilogico solicito revisión facturación adjunta,,2
reclamo,inconformidad con el consumo o produccion facturad,usuaria quiere aclaren motivo incrementó consumo kwh casa mes anterior factura entregada considero desfasado actividades realizadas siguen siendo mismas periodo,,2
reclamo,inconformidad con el consumo o produccion facturad,incremento excesivo factura respecto meses anteriores frente mes pasado pesos agradecemos revisar validar éste cobro aún paga manera puntual,,2
reclamo,inconformidad con el consumo o produccion facturad,incremento costo factura marzo casino permanecido cerrado ende genera ningún consumo energía quisiera saber porqué promedio recibos mes febrero,,2
reclamo,inconformidad con el consumo o produccion facturad,buenas tardes relleno sanitario incremento considerado periodo marzo abril oficinas laborando nadie debió bajar consumo autoriza notificar correo electrónico,,2
reclamo,inconformidad con el consumo o produccion facturad,usuaria manifiesta hace meses nadie apartamento ello acuerdo cobro tan alto factura referencia solicito rebajen facturas periodo marzo abril,,2
reclamo,inconformidad con el consumo o produccion facturad,inconforme consumo factura presenta sido pues apto encuentra desocupado hace dos meses coronavirus favor revisar,,2
reclamo,inconformidad con el consumo o produccion facturad,cliente reclama incremetno energia considera significativos indica inmueble vive sola persona factura promedio sido mil pesos penúltimo recibo llego último solicita revise indicando segunda reclamación período marzo proceso,,2
reclamo,inconformidad con el consumo o produccion facturad,hace días acerco domicilio técnico informar consumo elevado registrando contador realizo revisión correspondiente parte externa pregunto dentro vivienda hecho algún arreglo contesto recomendo contratara ente externo revisara interior contratamos persona viniera hacer revisiones necesarias encontro factura llego usuaria solicito cobrado ningun daño ustedes puedan enviar alguien verificar encuentra averiado capacidad economica realizar pagos tan altos vivimos solo adultas mayores,,2
reclamo,cobro desconocido,factura febrero abril saldo concepto chec desconoce motivo mencionado cobro sustento normativo mismo respuesta correo electronico,,2
reclamo,cobro de cargos relacionados con el servicio publi,deseo hacer aporte voluntario decreto pues factura paga débito automático abril pedí cambio cobro reducido ninguna solución solicito cruce cuentas próxima gracias usuario autoriza respuesta mail,,2
reclamo,inconformidad con el consumo o produccion facturad,anexo derecho petición amparándome artículos constitución política siguientes código procedimiento administrativo contencioso ley pdf folios pruebas documentales usuario autoriza respuesta mail,,2
reclamo,inconformidad con el consumo o produccion facturad,parece super descarados rebajen servicios estractos sumen mantenemos trabjado normalmente llega subio casi triple descaro qusiera dieran solucion,,2
reclamo,inconformidad con el consumo o produccion facturad,solicita revisados consumos aumento desproporcionado factura mes abril cuenta vivienda encuentra estrato comedidamente alivio forma cancelar consumo tan elevado,,2
reclamo,inconformidad con el consumo o produccion facturad,adelanta reclamo alto costo cobro servicio energía eléctrica dado apartamento permanecido prácticamente solo además evidencia incremento último consumo comparándolo cobros meses anteriores,,2
reclamo,cobros por promedio,acuerdo cobro promedio solicito revisión toma lecturas edificio contó personal realizar,,2
reclamo,inconformidad con el consumo o produccion facturad,cliente inconforme consumo facturado marzo periodo febrero indica guarda relación operación mercantil tiempo reducción producción empresa,,2
reclamo,inconformidad con el consumo o produccion facturad,usuario solicita aclare aumento consumo mes periodo manifiesta casi doble diferencia lecturas calculada bajo criterios lectura anterior actual adjunta oficio facturas,,2
reclamo,inconformidad con el consumo o produccion facturad,recibos marzo periodo comprendido febrero llegaron incremento mas inaudito momento mal tomadas lecturas quieran cobrar cantidad tan absurda favor revisar paso pagar mes,,2
reclamo,inconformidad con el consumo o produccion facturad,quiero expresar inconformismo factura llego casi doble mes pasado misma gente actividades electrodomésticos mas estilo madre cabeza hogar ingresos bajos pagar,,2
reclamo,inconformidad con el consumo o produccion facturad,alto consumo energía negocio cerrado remodelacion marzo solicito suspencion servicio meses según clausula acuerdo financiamiento deuda,,2
reclamo,inconformidad con el consumo o produccion facturad,inconformidad establecimiento casino abre marzo periodo factura abril quiere decir consumo estan cobrando hubieramos laborado mes,,2
reclamo,inconformidad con el consumo o produccion facturad,usuario inconforme factura acaba llegar alta pues comenzó cuarentena habita nadie casa desconectado periodo,,2
reclamo,inconformidad con el consumo o produccion facturad,presenta inconformidad facturado mes abril incrementó indica subió generado consumos dice estan cobrando estrato,,2
reclamo,inconformidad con el consumo o produccion facturad,cliente inconforme cobro factura ajuste marzo indica costos corresponden consumo normal fuga existente inmueble cerrado cuarentena pasó imposible pagar solicita solución,,2
reclamo,inconformidad con el consumo o produccion facturad,monto solicitud parece colmo factura mes seguimos siendo mismas dos personas mantenemos dia casa consumo cambiado pasamos pasar promedio mil necesito favor hagan revisión cambios correspondientes usuario autoriza respuesta mail,,2
reclamo,inconformidad con el consumo o produccion facturad,escrito adjunto manifiesta inconformidad kilovatios cobrados mes marzo solicita realizar pruebas técnicas medidor norma indica mientras establece causa desviación cobre base promedios,,2
reclamo,inconformidad con el consumo o produccion facturad,revisar alto consumo primer piso usuario autoriza envió respuesta mail,,2
reclamo,cobro de cargos relacionados con el servicio publi,pagué doblemente anterior factura reclamé línea respondieron próxima llegaba cargo favor pagado saldo día hoy llamé dicen descontaron aporte autorizado ningún momento solicito reembolsada diferencia,,2
reclamo,inconformidad con el consumo o produccion facturad,quiero información porq llegado factura calor mil siempre pagado mas,,2
reclamo,inconformidad con el consumo o produccion facturad,coordinar previamente solicito revisión completa medidor lectura instalaciones consumo demasiado alto cabaña marzo periodo diciembre enero paseo excursiones negocio sustento,,2
reclamo,inconformidad con el consumo o produccion facturad,incremento demasiado alto mes meses pasados veniamos promedio solicitamos reivisión,,2
reclamo,inconformidad con el consumo o produccion facturad,factura presenta incremento altísimo ademas dan subsidio reflejado manera robar colombianos posible casa prende bombillo día espero den solución mas pronto colmo falta respeto estro usuario autoriza respuesta mail,,2
reclamo,pago sin abono a cuenta,cliente indica haber realizado dos pagos suerte marzo comprobante reporta cupon pago pide revise ultimo aplicado explicar reliquidar factura solicita información procedimiento financiación meses,,2
reclamo,cobros por promedio,llamar visita julian andres díaz empresa labora marzo maquinaria encuentra apagada mismo día queremos revisen medidas contador saquen promedio pues igual funcionando agradecería pronta mucha gracias periodo facturado,,2
reclamo,cobro de cargos relacionados con el servicio publi,usuaria manifiesta pago pse deben poner opciones aporte vivos solo aparece opción mayor voy denunciar superservicios actualizan pagar,,2
reclamo,inconformidad con el consumo o produccion facturad,dado alto costo ultimos dos meses triplico consumo normal mes enero febrero vivienda desocupada solo personas adultas llegan noche dormir trabajan dia,,2
reclamo,pago sin abono a cuenta,dia marzo realizo pago factura punto apostar dos meses hoy vuelve llega unafactura justo medio crisis ustedes respetan usuario deseo solicionado cobren solo actual vencida cancelada,,2
reclamo,inconformidad con el consumo o produccion facturad,manera mas atenta manifiesto inconformidad servicio facturado pago mayo presente año evidencia aumento injustificado energia respecto fatura mes anterior razon solicitamos validacion pertinente,,2
reclamo,inconformidad con el consumo o produccion facturad,consumo facturacion periodo mar abr excesivo claro mas cuenta personas habitamos alli mismas normalmente permanecen casa quizas pueda haber incremento casi duplicar cifra favor revisiones usuario autoriza respuesta mail,,2
reclamo,pago sin abono a cuenta,quiero comunicar inconformidades factura llegó mes debido cancelado saldo anterior,,2
reclamo,cobro de cargos relacionados con el servicio publi,solicito incluir aporte voluntario debitar bancolombia,,2
reclamo,cobro de cargos relacionados con el servicio publi,solicito incluir aporte volunario mensual cobran facturas descontar saldo favor segun anticipo hecho ustedes meses anteriores,,2
reclamo,inconformidad con el consumo o produccion facturad,factura mes abril corresponde consumo facturado marzo llegó costo parece abuso falta considrracion época crisis espero den solución petición,,2
reclamo,inconformidad con el consumo o produccion facturad,zapata buenos dias entidad quiero realizar queja incremento recibo energia chec direccion carrera segundo piso municipio anserma nombre luz nelly pesoso cuanta vivienda permanece sola,,2
reclamo,inconformidad con el consumo o produccion facturad,buzon notificaciones judiciales superintendencia servicios publicos domiciliarios radicado traslado competencia lady johanna madrid betancur reclamación consumos facturados usuario autoriza respuesta mail,,2
reclamo,inconformidad con el consumo o produccion facturad,cliente solicita visita considera factura alterada periodo reclamación abril,,2
reclamo,inconformidad con el consumo o produccion facturad,solicito revisión cobrando meses febrero marzo cuenta casa desocupada finales enero,,2
reclamo,inconformidad con el consumo o produccion facturad,cliente reclama incremento consumo facturado adicional considera plazo corto pagar período reclamación marzo abril facturacion,,2
reclamo,inconformidad con el consumo o produccion facturad,usuario manifiesta haciéndole seguimiento consumo aunque electrodomésticos aparte nevera televisor alto solicitamos cobrar justo pues cada vez sube recibo desmedidamente periodo,,2
reclamo,inconformidad con el consumo o produccion facturad,factura llega consumo marzo abril pago mayo viene fracturada doble posible esten cobrando promedio registrado normal agradezco colaboración usuario autoriza envio respuesta mail,,2
reclamo,inconformidad con el consumo o produccion facturad,cliente presenta inconformidad consumo facturado mes abril dice subió paso marzo,,2
reclamo,inconformidad con el consumo o produccion facturad,factura correspondiente abril consumo mes pasado consu pagó mal calculado energía favor verificar realmente debería ser bajo pesos gracias quedanto atento usuario autoriza respuesta mail,,2
reclamo,pago sin abono a cuenta,factura llgo doble ultima cancelada muchas gracias,,2
reclamo,inconformidad con el consumo o produccion facturad,usuaria manifietas inconformidad facturas,,2
reclamo,inconformidad con el consumo o produccion facturad,usurio manifiesta correo inconformidad factura super costoso nunca pagado,,2
reclamo,estrato incorrecto,registrado estrato media cuadra residencia demás facturas servicios publicos aparece solo ustedes mas alto injusto solicito favor bajen gracias,,2
reclamo,cobro de cargos relacionados con el servicio publi,factura abril chec hace cobro ajuste dcto decreto mme concepto voluntario cobrado consulta solicitamos reembolsado trae adjunta,,2
reclamo,cobro de cargos relacionados con el servicio publi,factura abril chec hace cobro ajuste dcto decreto mme concepto voluntario cobrado consulta solicitamos reembolsado,,2
reclamo,inconformidad con el consumo o produccion facturad,usuaria inconforme consumo facturado periodo exagerado dudas frente cobro factura,,2
reclamo,inconformidad con el consumo o produccion facturad,incremento injustificado pesos solicito revisión valores tomaron lecturas rango demás,,2
reclamo,inconformidad con el consumo o produccion facturad,irrespetuoso incremento casi doble facturación cerca promedio últimos meses vivimos dos adultos bebe dinámica igual tiempos pandemia solicitamos corrección alivio urgentemente usuario autoriza respuesta mail,,2
reclamo,inconformidad con el consumo o produccion facturad,ibservando factura llego desacuerdo venido pagando mil pesoos entiendo exabrupto cobro solcito revision mismas personas,,2
reclamo,inconformidad con el consumo o produccion facturad,usuario presenta inconformidad alto consumo periodos comprendidos,,2
reclamo,clase de uso incorrecto,derecho peticion adjunto ver,,2
reclamo,inconformidad con el consumo o produccion facturad,solicito favor revisar rectificar cobro factura local cerrado marzo facturas llegando pleno funcionamiento,,2
reclamo,pago sin abono a cuenta,cobrando incluye factura pagada documento adjunto favor verificar confirmar saldo gracias usuario autoriza respuesta mail,,2
reclamo,inconformidad con el consumo o produccion facturad,factura encuentro lectura anterior actual consumo kwh favor revisar hacer correcciones caso contrario explicarme forma calculo,,2
reclamo,cobros por promedio,señores chec justifico alza tan fuerte factura luz mas pesos kilovatio mes anterior ahora paso injusticia momentos difíciles viviendo país cobran concepto muchas gracias petición,,2
reclamo,inconformidad con el consumo o produccion facturad,usuario informa consumo llego mas alto normal relación meses pasados caso mil pesos aumento ninguna explicación lectura realizada exige verificación tarifa realizar pago justo servicio pagando aproximadamente periodo,,2
reclamo,inconformidad con el consumo o produccion facturad,reclama cobro excesivo factura vencimiento mayo solicita verifique medidon medidor aclare calculo consumo cobre promedio,,2
reclamo,inconformidad con el consumo o produccion facturad,facturación costosa supone subsidian estratos cada día llega mas cara,,2
reclamo,cobro de cargos relacionados con el servicio publi,factura abril chec hace cobro ajuste dcto decreto mme concepto voluntario cobrado consulta solicitamos reembolsado trae adjunta,,2
reclamo,inconformidad con el consumo o produccion facturad,verificar factura leyeron contador saco promedio justo ultimo mes trabajo paramos marzo pandema covid tampoco entiendo corresponde contribucion consumo conceptos chec lectura dia hoy abril usuario autoriza respuesta mail,,2
reclamo,inconformidad con el consumo o produccion facturad,solicito haga revisión ultima factura correspondiente periodo marzo abril puesto aumento significativo igualmente contador,,2
reclamo,cobros por promedio,solicitar lectura contador hacer promedio inmueble encuentra servicio informar valla ser tomado abrir,,2
reclamo,inconformidad con el consumo o produccion facturad,factura mar abril lectura erronea pues apto consumo minimo marzo habitado aun asi marca mas meses completo,,2
reclamo,inconformidad con el consumo o produccion facturad,factura llegó mes marzo abril incremento forma inexplicable pues pese cuarentena trabajando mismos además pagando doble usuarios viven aca mas requiero visita verificar contador juste dicho cobro,,2
reclamo,inconformidad con el consumo o produccion facturad,buenas tardes considero consumo corresponde nueva toma lectura usuario autoriza respuesta mail,,2
reclamo,inconformidad con el consumo o produccion facturad,mes febrero canceló factura marzo abril periodo facturado llega consumo doble según gobierno informa pandemia van cobrar alzas servicio,,2
reclamo,inconformidad con el consumo o produccion facturad,cliente presenta reclamo alto consumo considera justo subido mes pasado factura abril siquiera diciembre enero permanecemos día casa sube,,2
reclamo,cobro de otros bienes o servicios en la factura,reclama factrua cobrando aporte voluntario consentimiento opción pago,,2
reclamo,inconformidad con el consumo o produccion facturad,factura actual periodo facturación abril presenta consumo meses anteriores superan consumos mes pagó nunca superado aumento excesivo puede hacer respecto gracias pronta respuesta,,2
reclamo,inconformidad con el consumo o produccion facturad,subió servicio necesito solucionen,,2
reclamo,inconformidad con el consumo o produccion facturad,incremento alto factura quisiera saber razón consumo promedio usuario autoriza respuesta mail,,2
reclamo,inconformidad con el consumo o produccion facturad,motivos cuarentena predio encuentra inhabitado marzo consumo facturado debió ser inferior mes anterior contrario factura llego mas alta,,2
reclamo,inconformidad con el consumo o produccion facturad,factura marzo abril llegó demasiado costosa increíble situación alta vulnerabilidad atravesamos familias lleguen sobrecostos ninguna razón justificable usuario autoriza respuesta mail,,2
reclamo,inconformidad con el consumo o produccion facturad,inconformidad cobro excesivo puesto aumentado consumo aclarar numero personas viviamos apto disminuyo motivos personales usuario autoriza notificar correo electrónico,,2
reclamo,inconformidad con el consumo o produccion facturad,alto consumo energía negocio cerrado remodelacion marzo solicito suspencion servicio meses según clausula acuerdo financiamiento deuda,,2
reclamo,inconformidad con el consumo o produccion facturad,celular cirstian adrian medio presente permito presentar derecho petición tendiente proceda revisar motivo factura periodo marzo abril cuenta facturas anteriores registraban promedio superando ello mas adjunta oficio,,2
reclamo,inconformidad con el consumo o produccion facturad,factura energía incremento facturación pagaba promedio mil pesos ahora llego mes pasado pague aumentándome encuentro razón tampoco dejaron registro hicieron lectura medidores apartamento,,2
reclamo,inconformidad con el consumo o produccion facturad,factura presenta exceso precio favor validar promedio pago lso ultimos tres meses supera adicional debido crisi actual local cerrado público indispensable revisen existe mala lectura,,2
reclamo,inconformidad con el consumo o produccion facturad,familia pasó ser persona febrero bajo promedio aumentó factura usuario autoriza respuesta mail,,2
reclamo,inconformidad con el consumo o produccion facturad,factura cobro justificado pues inicio mes marzo cerro caseta solo prende bombillo celador pasa revista noche ver fotos,,2
reclamo,inconformidad con el consumo o produccion facturad,costo factura incrementaron paso cobro dice servicio marzo abril apto dos personas permanecemos adjunta oficio traslado competencia sspd,,2
reclamo,inconformidad con el consumo o produccion facturad,cliente inconforme factura considera proporcional consumo mes solicita revisión marzo abril periodo facturado,,2
reclamo,pago sin abono a cuenta,cobraron mes enero febrero pague adjunto comprobantes hice pago doble factura marzo abril espero próximo crucen pagar mayo junio gracias,,2
reclamo,inconformidad con el consumo o produccion facturad,quisiera saber factura enero abril subiendo precio ene feb mar abr creo pandemia entonces llego covid favor aclárenme situación meses sube recibo gracias,,2
reclamo,inconformidad con el consumo o produccion facturad,usuaria manifiesta llego factura costosa periodo solicita hagan descuento poder cancelar trabajando recibe ingresos,,2
reclamo,cobro de otros bienes o servicios en la factura,pague factura derecho retiro contador fact siguen facturando injusto,,2
reclamo,inconformidad con el consumo o produccion facturad,cliente inconforme cobro factura marzo indica recibí ajuste cambio estrato cobrando justificación suponía llegaría total descontando contribución activa,,2
reclamo,inconformidad con el consumo o produccion facturad,revisar consumo mar abril local cerrado solo días marzo consumió domingos laboro promedio pagos ser funcionamiento cobro uso servicio cobrando costo,,2
reclamo,inconformidad con el consumo o produccion facturad,manera atenta solicitó respetuosamente claridad cuanto factura energía marzo cancela inicio cuarentena decir encuentro acompañando padres casa apartamento encuentra vacío razón veo porqué aumento adjunta oficio,,2
reclamo,inconformidad con el consumo o produccion facturad,solicito revisión facturación marzo abril haberse incrementado casi doble realidad casa venimos consumiendo ordinariamente energía,,2
reclamo,inconformidad con el consumo o produccion facturad,queja alto llegando factura incremento dando nov mes llego ago sep oct decir meses casa desocupada hospitalización esposo ustedes vieron así mismas dos persona ocupamos ahora cuarentena imagino cuanto van cobrar web trabajo solicito facturación acorde estrato vivimos futuras facturas reflejado dinero pagado,,2
reclamo,cobro de otros bienes o servicios en la factura,factura vino doble pidio asesoria tecnicos asegurando pagando cuenta apartamento encima hoy dia dscupado dio alcetura contador respectivo organizaria dicho lio adjunto factira pagar paga certificado pago banco,,2
reclamo,inconformidad con el consumo o produccion facturad,incremento consumo razón correspondiente cobro servicio energía solicito revisión frente promedio presente mes solución reclamación,,2
reclamo,inconformidad con el consumo o produccion facturad,solicita verificar cobro factura debido excesivo,,2
reclamo,inconformidad con el consumo o produccion facturad,oficio solicita revisar cobrando cuenta consumos corrección medidores trocados adjunta,,2
reclamo,inconformidad con el consumo o produccion facturad,aumento desmedido promedio consumo confirmar hiceron medición evidencio funcionario che presentara validar factura dice sido subsidiado deduccion cobran total,,2
reclamo,inconformidad con el consumo o produccion facturad,factura cobro justificado pues inicio mes marzo cerro caseta solo prende bombillo celador pasa revista noche ver fotos adjunta,,2
reclamo,pago sin abono a cuenta,pague factura anterior vía internet llego doble necesito revisen envíen mes poder hacer pago adjunto,,2
reclamo,inconformidad con el consumo o produccion facturad,total desacuerdo cobro dos últimos períodos facturados pues uso energía eléctrica siempre sido razonable prudente adecuado favor proceder radicación atención presente queja muchas gracias autoriza envio respuesta correo eectronico juanse hotmail com,,2
reclamo,inconformidad con el consumo o produccion facturad,permito informar pagar aproximadamente correspondiente abril mes mayo debo cancelar incremento casi doble venia pagando espero pronta solución gracias,,2
reclamo,inconformidad con el consumo o produccion facturad,factura evidenciado variacion significativa consumo energia electrica pago incrementado usuaria utoriza enviar respuesta siguiente correo paulagrisalesod gmail com,,2
reclamo,inconformidad con el consumo o produccion facturad,solicito ayuda pues dos meses desocupado apartamento consumo llego igual cuenta tenia internet computador tener mas empleo siendo madre cabeza hogar inconforme respuesta proceso,,2
reclamo,inconformidad con el consumo o produccion facturad,solicito favor revisión lectura medidor posible error consumo periodo,,2
reclamo,inconformidad con el consumo o produccion facturad,oficio remitido superservicios presenta aumento periodo facturado consumo costo cuenta local comercial opera consultorio jurídico debido aislamiento preventivo obligatorio funciona marzo inició simulacro pide refacturación factura correspondiente reclama comprendido abril solicita revisión contador determinar incremento debe,,2
reclamo,inconformidad con el consumo o produccion facturad,jesús largo celular solicita revisión incremento excesivo factura correspondiente periodo consumo,,2
reclamo,inconformidad con el consumo o produccion facturad,febrero cancelo mes abril llego factura dos meses diferencia aproximada aumento facturas vivienda zona rural estrato bajo actividades tiempo pandemia ademas permaneció sola persona,,2
reclamo,inconformidad con el consumo o produccion facturad,solicito reliquide factura servicio energía eléctrica pago mes mayo dicen facturando periodo marzo abril consumo inferior reportado pagado comparado extrañamente costosa pesar ser hace meses anexa oficio,,2
reclamo,inconformidad con el consumo o produccion facturad,exceso cobro servicio bimestre pasado llegó mes cuatro veces mayor usuario autoriza respuesta mail,,2
reclamo,inconformidad con el consumo o produccion facturad,factura enero llego febrero marzo inmueble desocupado diciembre,,2
reclamo,inconformidad con el consumo o produccion facturad,quiero hacer reclamo tiempos cuarentena presento cobro excesivo facturación devolución dinero próxima factura caso respuesta ser negativa pondré queja super intendencia industria comercio ningún momento vino alguien ver medidor,,2
reclamo,inconformidad con el consumo o produccion facturad,vivienda solo vivimos personas comparando factura abril marzo febrero aumento sido significativo gustaría verificaran error lecturas usuario autoriza respuesta mail,,2
reclamo,inconformidad con el consumo o produccion facturad,cordialmente revisado facturación corresponde última veo falencias parte ustedes consumo mes mismo últimos meses recibo viene aumentando manera inexplicable pasado canceló factura realizando quizás menos anterior realizaron cambios realizar desconexión nevera horas noche incrementa mas peos solicito amablemente caso,,2
reclamo,inconformidad con el consumo o produccion facturad,buenos dias amablemente solicito colaboracion ustedes favor revisen medidor luz aumento llegando cara esposo trabajando gastando misma siempre entonces entiendo incremento muchas gracias quedo atenta,,2
reclamo,inconformidad con el consumo o produccion facturad,acuerdo factura mes subido forma exagerada usuario autoriza respuesta mail,,2
reclamo,inconformidad con el consumo o produccion facturad,recibo energía siempre pagado promedio pesos mensual mes facturare llego razón indique consumo tan alto solo vivimos personas ningún habito cambiado último resar facturación generada cobrando casi mas derecho petición adjunto,,2
reclamo,inconformidad con el consumo o produccion facturad,buenos dias solicito revision consumo real energía hotel encuentra cerrado marzo presente año,,2
reclamo,inconformidad con el consumo o produccion facturad,solicito cordialmente revisión cobro consumo periodo local encuentra funcionamiento fechas facturan alumbrado publico cobran exagerado comparación meses anteriores agradezco atención pronta respuesta,,2
reclamo,inconformidad con el consumo o produccion facturad,buenos días pasa factura mes marzo pagué llega abril osea aumento consume mismo usuario autoriza respuesta mail,,2
reclamo,inconformidad con el consumo o produccion facturad,solicito revisión consumos últimos meses aumento manera exagerada cuenta promedio vivienda kwh dobles entendemos genere tema cuarentena sobrepaso,,2
reclamo,inconformidad con el consumo o produccion facturad,buenas tardes situación covid supone dosquebradas manejaría descuento estratos señores energía siemprea paga mes emergencia ves hacer correspondiente subieron casi factura llegó descaro vez coloborarlr población tjudican cab destacar labor sta haciendo alcalde pereira servicios anexo alexandra patricia tabares usuario autoriza respuesta mail,,2
reclamo,inconformidad con el consumo o produccion facturad,reclamación incremento elevado factura actual cuenta zona rural promedio consumo solicito revisión medidor revisiones necesarias verificar algún posible error lectura,,2
reclamo,inconformidad con el consumo o produccion facturad,inconformidad facturado consumo mar may meses restaurante cerrado pandemia cobran mismo mese anteriores,,2
reclamo,inconformidad con el consumo o produccion facturad,solicita revisar exagerado consumo periodo actual llega costoso respecto anteriores ver anexo,,2
reclamo,inconformidad con el consumo o produccion facturad,solicitamos revisión medidor detallado consumo reflejado elevado interés saber calibrado sufrido alguna alteración gracias atención solicitud usuario autoriza respuesta mail,,2
reclamo,inconformidad con el consumo o produccion facturad,celular blanca ofir zuluaga garzon consumo promedio mes ultima factura marzo abril facturaron acuerdo cuenta efectuó visita revisión medidor,,2
reclamo,inconformidad con el consumo o produccion facturad,inconformidad consumo comprendido,,2
reclamo,inconformidad con el consumo o produccion facturad,promedio subió independiente cuarentena siempre personas casa consumo mismo pedimos revisión,,2
reclamo,inconformidad con el consumo o produccion facturad,reclamo aumento consumo kilowatts incumpliendo decretos normas estipuladas oficio anexo,,2
reclamo,inconformidad con el consumo o produccion facturad,presente realizar solicitud devolución dinero facturas meses mar abr may llegaron alto normal,,2
reclamo,inconformidad con el consumo o produccion facturad,ingrementando tando servicio energia razones,,2
reclamo,inconformidad con el consumo o produccion facturad,extrañada incremento consumo energia vivo sola hago comer lavo aqui lavadora alimento vecina solicito favor revisar puede pasar eectrodomesticos uso bafle computador celular eventualmente tevecable muchas gracias ssu atension,,2
reclamo,inconformidad con el consumo o produccion facturad,factura actual llego pagar momentos inmueble lleva meses desocupada tal motivo requerimos saber cobro tan alto verifique cosnumos muchas gracias quedo pendeinte respuesta usuario autoriza mail,,2
reclamo,pago sin abono a cuenta,realice pago internet llego factura doble usuario autoriza respuesta mail,,2
reclamo,inconformidad con el consumo o produccion facturad,inconformidad alto consumo períodos marzo usuario manifiesta meses junio estan cobrando exagerado cuento mismos elementos electricos casa hace siguen usando misma forma independientemente pandemia,,2
reclamo,inconformidad con el consumo o produccion facturad,solicitud informacion peticion revision predio descrito,,2
reclamo,inconformidad con el consumo o produccion facturad,traslado competencia empresa sspd períodos febrero marzo usuario manifiesta excesivo cobro servicio energía gas hace tres meses justo revisión facturas abusivas realizar toda citación notificación respuesta requerimiento actuación producto solicitud correo electrónico tusk gmail com,,2
reclamo,cobros por promedio,encuentro inconforme cobro servicios energía cobrados mediante promedio corresponde realidad gasto servicio anexo copia recibos pagados últimos meses,,2
reclamo,inconformidad con el consumo o produccion facturad,solicito información recibo energía haciendo ningún tipo descuento consumo cuarentena llego mas caro normal,,2
reclamo,inconformidad con el consumo o produccion facturad,últimos dos meses llegado factura respectivamente promedio siempre sido quisiera saber debe incremento tan alto muchas gracias,,2
reclamo,inconformidad con el consumo o produccion facturad,inconformidad consumo facturado marzo mayo,,2
reclamo,inconformidad con el consumo o produccion facturad,requiero revision alto consumo incremento electrodomesticos nuevos,,2
reclamo,inconformidad con el consumo o produccion facturad,manera atenta agradezco revisados cobros facturados caso adjunta solicitud usuario autoriza respuesta mail,,2
reclamo,inconformidad con el consumo o produccion facturad,solicita revisión lectura cobro periodos aumentado injustificadamente asi período comprendido anexa última factura,,2
reclamo,inconformidad con el consumo o produccion facturad,quiero denunciar alto cobrado factura energía dos últimos meses siempre llegaba consumo mes pasado llego pago extremadamente hacer denuncia haga seguimiento aquí vivimos tres personas mantenemos apagado día aprovechando emergencia sanitaria cobrando quieren nombre esperanza castro teléfono adjunto ultimas facturas,,2
reclamo,inconformidad con el consumo o produccion facturad,reclamo pqr alto costo factura madre cabeza familia exagerado cobro,,2
reclamo,inconformidad con el consumo o produccion facturad,favor revisar ultimo cobro servicio totalmente desfasado concuerda promedios meses anteriores solo vivimos dos adultos,,2
reclamo,inconformidad con el consumo o produccion facturad,usuaria reclama desviación significativa servicio energía mes mayo hizo verificación,,2
reclamo,inconformidad con el consumo o produccion facturad,pqr cobro tan alto factura cuarentena siguen casa labora vigilante cambiado entiendo pago rango verificar archivo adjunto recibos pagaron debe pagara mayo usuario autoriza respuesta mail,,2
reclamo,inconformidad con el consumo o produccion facturad,telf incremento tarifa consumo correspondiente factura periodo marzo abril solicito revisión lectura corregir aumento injustificado anterior dado existen mismas personas mismos electrodomésticos,,2
reclamo,inconformidad con el consumo o produccion facturad,alto cobro recibo consumo periodo marzo abril anterior pago favor corregir usuario autoriza respuesta mail,,2
reclamo,inconformidad con el consumo o produccion facturad,medidor numero reclamo encuentro abusivo cobro realizado luz continuamos casa mismas personas siempre aislamiento viviendo consumiendo misma energia meses ninguno vivimos aqui trabaja,,2
reclamo,inconformidad con el consumo o produccion facturad,desviación significativa consumo promedio pesar vivienda variaciones incremento personas,,2
reclamo,inconformidad con el consumo o produccion facturad,siguiente solicitud encaminada realizar revisión factura realizada mes marzo mayo monto pagar presentó incremento excesivo facturando deuda pago forma oportuna quedo atenta caso usuario autoriza respuesta mail,,2
reclamo,inconformidad con el consumo o produccion facturad,inconformidad cobro ultimo bimestre consumo energía estación servicios ubicada municipio guarinocito calle disminuyo variación factura solicito reembolso cuenta saldo favor,,2
reclamo,inconformidad con el consumo o produccion facturad,buenos días dirijo ustedes fin comentarles casa solo vive persona ahorra bastante energía cuestión baja costo recibo quisiera saber puedo entablar queja dicho propósito realmente mucha pagando,,2
reclamo,inconformidad con el consumo o produccion facturad,informado consumo exagerado pandemia vivienda permanecía día sola ahora llega factura informando doble normal solución dio primera vez cambio contador gustaría saber puede brindar,,2
reclamo,inconformidad con el consumo o produccion facturad,costo servicio llegó consumo normalmente consumen existen mayores articulos consuman ergia planchas arroceras etc hecho pruebas apagando medidor marca cada equipo ventilador mayor cambio desconfiamos contador usuario autoriza respuesta mail,,2
reclamo,inconformidad con el consumo o produccion facturad,inmueble desocupado dic abril canceló servicio cortado sigue llegando consumo mes mayo llegó nombre persona coincide dueña novedad presentado varias veces,,2
reclamo,inconformidad con el consumo o produccion facturad,reclamacion alto cobro facturacion,,2
reclamo,inconformidad con el consumo o produccion facturad,reclama consumo factura periodos comprendidos marzo abril,,2
reclamo,inconformidad con el consumo o produccion facturad,celular maria elena largo solicita revisón incremento consumo periodo facturación marzo abril afirma mismos electrodomésticos hábitos aún cuarentena,,2
reclamo,inconformidad con el consumo o produccion facturad,usuario solicita revisión medición subio impresionante mismos ocupantes mismo consumo pasara autoriza envio respuesta correo electronico jairofernandohincapie hotmail com,,2
reclamo,subsidios y contribuciones,furiosa entidad tan seria recibo energía cobrando contribución cobran dado consentimiento hagan van obligar pagar significa dispuesta demandar,,2
reclamo,inconformidad con el consumo o produccion facturad,solicitamos revisión lectura incremento exageradamente consumo paso solo mes,,2
reclamo,inconformidad con el consumo o produccion facturad,exagerado factura marzo abril casi doble pague mes pasado solicito revisión solo vivimos personas quedo atenta respuesta,,2
reclamo,inconformidad con el consumo o produccion facturad,permito presentar reclamación entidad costo factura servicio público ustedes prestan periodo facturado mes marzo abril toda vez mismo establece ciento cuarenta cuatro mil cuatrocientos noventa pesos desborda promedio anteriores vigencias,,2
reclamo,inconformidad con el consumo o produccion facturad,registra alto consumo apartamento solo pandemia marzo apto habitado kwh,,2
reclamo,inconformidad con el consumo o produccion facturad,queja respecto consumo factura siempre mismos electrodomésticos prendidos imposible cobrando promedio mensual necesito arreglen posible cobren meses solución gracias,,2
reclamo,inconformidad con el consumo o produccion facturad,solicitar revisión sabe dónde medidor breaker reconoce consumo aún desocupado registra,,2
reclamo,inconformidad con el consumo o produccion facturad,solicito revisión medidor pues pesar factura rebajó costo alto periodo facturación mar abr sitio cerrado,,2
reclamo,inconformidad con el consumo o produccion facturad,buenas factura llego doble servicio casa cambiado respecto luz mismas personas ahora pandemia justo venga cobro debería venir numeración contador mes consumido tan amables dan respuesta,,2
reclamo,inconformidad con el consumo o produccion facturad,solicito forma respetuosa conceda reajuste pagar factura cuenta periodo marzo abril poniendo conocimiento cobro exagerado llego duplicando anterior pagada corte cancelada encontrábamos igual condiciones revisión técnico encargado chec contador residencia facturado ser posible diferir pago,,2
reclamo,inconformidad con el consumo o produccion facturad,cliente inconforme cobro factura mes mayo indica altos cuenta sucedió épocas personas vivienda reporta lectura actual aumentaron casi mil pesos anterior similar menor,,2
reclamo,inconformidad con el consumo o produccion facturad,factura siempre sido estable mes llego necesito favor colaboren mas pronto posible,,2
reclamo,inconformidad con el consumo o produccion facturad,favor revisar consumo aplicando incrementado demasiado servicio energía razón valedera cuenta inicio cuarentena mismos habitantes casa,,2
reclamo,inconformidad con el consumo o produccion facturad,necesito revisen consumo llego factura periodo marzo abril incremento demasiado comparándolo facturas anteriores quedo atenta,,2
reclamo,pago sin abono a cuenta,usuaria manifiesta loe cobrando saldo anterior adjunta comprobante pago agrega segunda vez sucede mismo,,2
reclamo,inconformidad con el consumo o produccion facturad,inconforme consumo correspondiente agosto octubre febrero abril muchas inconsistencias consumos mismos electrodomesticos gustaria cambiaran contador debe tener malo medida revisado tecnico particular sigo,,2
reclamo,inconformidad con el consumo o produccion facturad,usuario manifiesta calidad representante legal cooperativa transportadores belén umbría nit inconforme cobro factura periodo comprendido marzo abril local cerrado efectúa consumo kwh solicita verificación lectura,,2
reclamo,inconformidad con el consumo o produccion facturad,hacer reclamo vino luz mas cara nunca mil pesos consumimos casa desocupada estan arreglando justifica ver pueden mirar vez mermalen hacemos vamos tampoco pagar cantidad muchas gracias usuario autoriza respuesta mail,,2
reclamo,inconformidad con el consumo o produccion facturad,sobrecostos factura últimos cuatro meses respuesta parte técnicos dan razón sobrecosto solicito comedidamente revisión urgente finca quedo pendiente comentarios pronta solución queda difícil seguir pagando alto costo energía justificación,,2
reclamo,inconformidad con el consumo o produccion facturad,presenta cobro exagerado tarifa usuario autoriza respuesta mail,,2
reclamo,inconformidad con el consumo o produccion facturad,usuario inconforme ultimo periodo facturado anexa escrito autoriza respuesta mail,,2
reclamo,inconformidad con el consumo o produccion facturad,apto vive señor soltero exterior viene solo usa cocina llegaba mil llego,,2
reclamo,inconformidad con el consumo o produccion facturad,vivo sola años aplancho cocino gas mando lavar ropa lavadora lleva meses dañada hice reclamo bajo mil vez nunca pasan midiendo,,2
reclamo,inconformidad con el consumo o produccion facturad,cada mes llega mas costosa energía estrato casa residencial diferente demás vecinos muchas gracias atención,,2
reclamo,inconformidad con el consumo o produccion facturad,realizo incremento tarifa consumo entiendo pues consume energía solo gas agradezco revisión explicación paulatinamente incrementado cobrado,,2
reclamo,inconformidad con el consumo o produccion facturad,sobrecosto saldo anterior quedo diferido cuotas factura llego pagar mas millones restaurante dejado funcionar hace dos meses además facturamos medio generalmente,,2
reclamo,cobro de cargos relacionados con el servicio publi,cobra adicional cancele factura mes marzo sistema acepto pago cobro procedente,,2
reclamo,inconformidad con el consumo o produccion facturad,encontramos inconformes promedio consumo facturado periodo abr may sobrepasa forma desmedida anteriores promedios causal cobro ello parece injusto solicitamos reacomoden acuerdo adjunta foto factura,,2
reclamo,inconformidad con el consumo o produccion facturad,usuario manifiesta factura anterior llego igual desproporcionado cobro embargo pago nuevamente costo alto acuerdo,,2
reclamo,inconformidad con el consumo o produccion facturad,solicita revisión factura año pesos ello debido perverso proceder chec cobro facturas emergencia quiera consumo actualmente debería ser mas bajo normal consiguiente menor pues hace meses consecuencia situación económica país dicho bien inmueble permanecido solo poder arrendarse consumir ningún tipo energía anterior solicito tomen todas medidas correctivas realizar transparente reajuste,,2
reclamo,inconformidad con el consumo o produccion facturad,mes pasado pagué lectura contador pagar doble solo incremento entiendo tan alto consumiendo mismo,,2
reclamo,inconformidad con el consumo o produccion facturad,favor revisar consumo pues aumento kwh mes uso lavadora ademas menos gente casa telefono contacto,,2
reclamo,inconformidad con el consumo o produccion facturad,últimos meses presentado incrementos facturación último pesos,,2
reclamo,inconformidad con el consumo o produccion facturad,cobro periodo llegado consumo alto promedio pago superado mil pesos dos ultimos meses subido pido colaboracion revision tarifas consumos saber cobros tan altos usuario autoriza respuesta mail,,2
reclamo,inconformidad con el consumo o produccion facturad,respetuosamente dirijo ustedes objetivo hacer reclamo cobro excesivo últimos meses factura energía encuentro motivo cuál dado tal alza casa residen personas dinámicas dentro cuarentena modificado quedo atenta revisión situación pueda resolverse prontamente,,2
reclamo,inconformidad con el consumo o produccion facturad,informar realmente parece abuso uds empresa aprovechen manera mas inhumana usuarios posible apto habitaciones mayor parte tiempo permanezca solo llegue fac mes,,2
reclamo,inconformidad con el consumo o produccion facturad,incremento servicio comparación anterior,,2
reclamo,inconformidad con el consumo o produccion facturad,observa incremento injustificado marzo acuerdo consumo venía presentando anotar sólo vivimos dos personas inmueble comportamiento cambió raíz cuarentena adulto mayor trabaja casa,,2
reclamo,inconformidad con el consumo o produccion facturad,acuerdo cobro dos últimas facturas meses mayo junio cuales suberon venía pagando pandemia solicito lectura últimos,,2
reclamo,inconformidad con el consumo o produccion facturad,absurdo factura mes aumente mas cuenta consumo puede haber aumentado manera robo hacen realizar estimado aumentar buscan ciudadanos queden casa,,2
reclamo,inconformidad con el consumo o produccion facturad,celular cristian mauricio cardona periodo incremento consumo mas cobro habitual promedio pago aproximadamente llegó factura adquirido nuevos electrodomésticos tampoco daños interno domicilio,,2
reclamo,inconformidad con el consumo o produccion facturad,solicito respetuosamente explique últimos dos meses servicios energía aumentaron consumo hogar permanecen mismas personas variado pueda representar aumento,,2
reclamo,inconformidad con el consumo o produccion facturad,solicito empresa explicación incremento factura abril casi alcanza mil pesos encuentro justificación personas confinamiento seguimos trabajando tiempo considero abuso parte,,2
reclamo,inconformidad con el consumo o produccion facturad,principal revisar corregir factura cobro servicio energía eléctrica correspondiente período abr may cuenta,,2
reclamo,inconformidad con el consumo o produccion facturad,solicito revis contador descaradamente aprovechando emergencia incrementando incremento publican kwh fact últ meses porq ult marzo mayo,,2
reclamo,inconformidad con el consumo o produccion facturad,cliente inconforme factura mayo dice dia llega indicando meses deuda pagar empleo,,2
reclamo,inconformidad con el consumo o produccion facturad,resulta mes anterior realizó reclamo relación total factura llegado doble mayo llegó identifica cobro desmesurado corresponde favor verificar quedo atenta adjunto imagen,,2
reclamo,inconformidad con el consumo o produccion facturad,conforme vino factura marzo abril,,2
reclamo,inconformidad con el consumo o produccion facturad,usuario adjunta oficio inquilino inconforme cobros excesivos pago cuota vencida febrero luego factura abril vino cancelada última llego bajo consumo actividad requiere mayor entonces realidad verdad justifican reclamación hecha mismo medio hace días respuesta número radicado seguimiento comunicamos hoy vía telefónica logró aclarar reclamo,,2
reclamo,inconformidad con el consumo o produccion facturad,buenas tardes requiere validación factura luz llega alto consumo deberia varias siempre mismas personas entendemos pasa pronta respuesta,,2
reclamo,inconformidad con el consumo o produccion facturad,solicito reliquidacion consumo lectura erronea nueva pago actual factura indica medidor ver foto ayer junio anexa archivo word,,2
reclamo,inconformidad con el consumo o produccion facturad,llegó recibo costoso puede ser posible tan elevado cuenta vivo solo pesar pandemia mayor parte tiempo trabajado oficina entonces entiendo debe incremento alto,,2
reclamo,inconformidad con el consumo o produccion facturad,solicito informen debe alza abrupta cobro meses marzo abril maxime inmueble mes solo habita persona ajueste cuenta prohibe facturar promedio usuario autoriza respuesta mail,,2
reclamo,inconformidad con el consumo o produccion facturad,amablemente solicito revisar consumo facturado nombre último periodo base razones señaladas escrito adjunto gracias usuario autoriza respuesta mail,,2
reclamo,inconformidad con el consumo o produccion facturad,factura marzo abril llego desbordado corresponde domicilio siempre paga facturas mil nunca pagan mas,,2
reclamo,inconformidad con el consumo o produccion facturad,periodo facturación mayo mes pasado pague día hoy llega mismas dos personas incremento tan alto servicio,,2
reclamo,inconformidad con el consumo o produccion facturad,presento incoformismo aumento desmedido tarifas electricidad pasamos pagar paga reitero rechazo dicho cobro espero pronta respuesta queja vamos permitir abuso ésta factura muchas gracias,,2
reclamo,inconformidad con el consumo o produccion facturad,manera atenta respetuosa permito solicita revisión corrección liquidación consumo energía aumentar forma inexplicable,,2
reclamo,inconformidad con el consumo o produccion facturad,acuerdo decreto gobierno nacional entidades prestadoras energía debe incrementar servicio casa modus vivendi cambiado vivimos tres personas dos adultos mayores desempleada pandemia alteración estilo vida periodos dic marzo cobros razonables constantes periodo abril incrementó cobro,,2
reclamo,inconformidad con el consumo o produccion facturad,usuario manifiesta acuerdo incremento facturación reside solo rutina gastos consumo energía cambiado anexa archivos factura actuado remitirá copia superintendencia acogido ley,,2
reclamo,inconformidad con el consumo o produccion facturad,servicio costoso incremento demasiado linea contestan sirve entonces hace medicion usuario autoriza respuesta mail,,2
reclamo,inconformidad con el consumo o produccion facturad,buenas trades quisiera saber incremento factura personal salud salgan excusa mantengo casa confinamiento pagado facturas mes dejar ninguna pagar llegan similar,,2
reclamo,inconformidad con el consumo o produccion facturad,solicito revisión contador consumo elevado factura recibida quedo atento,,2
reclamo,inconformidad con el consumo o produccion facturad,encontramos inconformes aumento exhaustivo factura luz sabiendas atravesando pandemia covid bueno revisión casa vivimos personas todas adultos mayores,,2
reclamo,inconformidad con el consumo o produccion facturad,queremos manifestar inconformidad aumento exagerado cobro factura luz justo ahora atravesando pandemia covid bueno revisión casa vivimos personas consumo agradezco oportuna gestión,,2
reclamo,inconformidad con el consumo o produccion facturad,inmueble solo vivimos dos personas mes abril pagó llegar factura mayo cobrando debe ser así incrementado consumo comprado electrodomésticos usamos computadores,,2
reclamo,inconformidad con el consumo o produccion facturad,radicado sspd usuario manifiesta cobro excesivo factura energía periodo,,2
reclamo,inconformidad con el consumo o produccion facturad,evidenciamos cobro excesivo facturas energia ultimos dos meses mas aun operando urge den solución pues posible haber ningún tipo uso incrementen cobros doble funcionando negocio solicitamos urgente revision solucion caso,,2
reclamo,inconformidad con el consumo o produccion facturad,conforme cobros hecho factura pasaron sola teletrabajo cosas suntuosas pagar favor revisar bien cobro hicieron,,2
reclamo,inconformidad con el consumo o produccion facturad,factura llegó cobro excesivo pues admisible entendible llegado vista siempre máximo mes doble habitual vivienda reside persona adulta mayor sola cambios consumo solicito revisión,,2
reclamo,cobro de cargos relacionados con el servicio publi,ambas facturas impuesto alumbrado público sumando alto justifica cantidad cobrada nomenclatura medidor calle,,2
reclamo,cobro de cargos relacionados con el servicio publi,ambas facturas impuesto alumbrado público sumando alto justifica cantidad cobrada nomenclatura medidor calle,,2
reclamo,inconformidad con el consumo o produccion facturad,deseo solicitar revisión factura nro sitio solo viven dos personas nevera lavadora ducha eléctrica ademas hacen uso par televisores horas noche trabajan dia gracias,,2
reclamo,inconformidad con el consumo o produccion facturad,solicito revisión factura valores explicación facturación,,2
reclamo,inconformidad con el consumo o produccion facturad,hizo pago factura pasada ahora hacen cobro aseo debo advertir casa solo gente enero entiendo además aviso retraso tres opciones corte solicito revisión gracias,,2
reclamo,inconformidad con el consumo o produccion facturad,necesito revisen consumo energía quisiera saber linea tierra incrementando,,2
reclamo,inconformidad con el consumo o produccion facturad,realice revisión consumo debido efectuó comparativo bimestre marzo abril kwh meses mayo junio diferencia aumento doble normal,,2
reclamo,cobro de revisiones,parte empresa proceda verificar manera imparcial daño presentado efectos establecer porcentaje responsabilidad mia propietario realizaron trabajos cambio cuerdas,,2
reclamo,inconformidad con el consumo o produccion facturad,universidad encuentra cerrada contingencia consumo elevado respecto meses marzo abril debe,,2
reclamo,inconformidad con el consumo o produccion facturad,promedio inmueble siempre sido mismo motivos especiales halla llegado tan alta factura pido favor revisen tema,,2
reclamo,inconformidad con el consumo o produccion facturad,predio rural denominado manzanares existen cuentas cuales llegaron incremento última factura pagar quisiera saber cuál motivo causa dicho,,2
reclamo,inconformidad con el consumo o produccion facturad,predio rural denominado manzanares existen cuentas cuales llegaron incremento última factura pagar quisiera saber cuál motivo causa dicho,,2
reclamo,pago sin abono a cuenta,mayor pagado aplicado factura diferencia solicita explicar diferencias,,2
reclamo,inconformidad con el consumo o produccion facturad,usuaria manifiesta factura generada mes marzo abril llegó supremamente elevado además presente estrato solo convivimos personas quedo espera pronta respuesta descuento próxima adicional cobrado,,2
reclamo,inconformidad con el consumo o produccion facturad,buenos días solicito revisión factura excesivo cobro elevado quedo atento,,2
reclamo,inconformidad con el consumo o produccion facturad,inconformidad facturación mes fechas permanecido apartamento lectura coincide consumo motivo solicito reconozca real,,2
reclamo,inconformidad con el consumo o produccion facturad,solicito revise reajuste factura consumo energía domiciliaria cuanto incrementado exorbitantemente pagar dos últimos meses,,2
reclamo,inconformidad con el consumo o produccion facturad,encuentro inconforme servicio facturado mes anterior debí realizar reclamo encontró error lectura vez nuevamente presenta parecer misma situación dado costo duplico solicito revisión,,2
reclamo,inconformidad con el consumo o produccion facturad,doy conocer inconformidad cobro consumo promedio vivimos casa diciembre vivían consumian mas,,2
reclamo,inconformidad con el consumo o produccion facturad,estan haciendo cobro excesivo ademas momento bajo nivel operacion estabamos kwh mas alto casi cuadruplica necesario favor corrijan factura usuario autoriza respuesta mail,,2
reclamo,inconformidad con el consumo o produccion facturad,actualmente vivo barrio alta leonora solicitó revisión desembolso consumo toda vez casa deshabitada inicios enero finales mes mayo posible presentará ningún comunicacion telefonica usuario correo informa numero cuenta errado,,2
reclamo,solicitud de rompimiento de solidaridad,comedidamente solicito rompimiento solidaridad factura energía número cuenta medidor responsable consumo arrendataria mayerly rodriguez bernal identificada cédula inmueble ubicado cra pso leonora,,2
reclamo,inconformidad con el consumo o produccion facturad,buen dia deacuerdo aumento tan abusivo factura energia tenia ahora llega parece abuso iresponsabilidad parte empresa,,2
reclamo,inconformidad con el consumo o produccion facturad,solicito claridad aumento exagerado faxtura consumo tenuiendo cuienta contrario trartado disminuirlo ademas pro motivo factura viene discriminado kilovatio tambien muestro desacuerdo lecturas medidor cuales coinciden,,2
reclamo,inconformidad con el consumo o produccion facturad,respetuosamente adjunto documento argumento reclamo factura cobro número cuenta expedida,,2
reclamo,inconformidad con el consumo o produccion facturad,buenas solicito explique favor aumento tan exagerado factura mes considero debe ser error gracias,,2
reclamo,inconformidad con el consumo o produccion facturad,presentó inconformidad valores cobrados periodos marzo abril periodo mayo parece incremento exagerado requiero visiten revisen,,2
reclamo,inconformidad con el consumo o produccion facturad,requiero saber mes subió servicio casi doble normalmente pagado consumos meses anteriores sido menos llego,,2
reclamo,inconformidad con el consumo o produccion facturad,cobro excesivo factura mes alza injustificada servicio copia superintendencia usuario autoriza respuesta mail,,2
reclamo,inconformidad con el consumo o produccion facturad,cobro excesivo factura lectura promedio debe ser real contador,,2
reclamo,inconformidad con el consumo o produccion facturad,incremento injustificado factura medición consumo hace promedio lectura contador hizo calculo errado generando mayor real alza injustificada tarifa superintendencia servicios públicos queja,,2
reclamo,inconformidad con el consumo o produccion facturad,derecho petición sobrecargo electrico concentrador oxigeno solicitud interrumpir fluido peligra vida persona,,2
reclamo,inconformidad con el consumo o produccion facturad,presente fin interponer queja esperar respuesta clara real servicio prestan llevo varias ocasiones quejándome aumento considerable factura cuenta vivo dos hijos nieto hace años incrementa cada vez ubicada estrato recibo subsidio comencé momento facturación comenzó variar llame empresa buscáramos ingeniero notaba costo contratamos noto cometida desgastada varios enmendaduras hacía perder energía recomendaron llamar chec hicieran cambio revisaran aunque solicito vinieran vía telefónica nunca dieron enviaron personal allá presta pagamos cumplida,,2
reclamo,inconformidad con el consumo o produccion facturad,cobro exagerado promedios pagado sido tan altos explicación incremento casi mil pesos,,2
reclamo,inconformidad con el consumo o produccion facturad,apartamento estudiantes universitarios inicio contingencia ciudad recibos promedio factura favorable dado salimos buscando economía solicitamos verificado facturado contador,,2
reclamo,inconformidad con el consumo o produccion facturad,realiza cobro pesos presenta incremento reconocido acuerdo promedio consumo habitual generado ningún cambio solicito revisión,,2
reclamo,inconformidad con el consumo o produccion facturad,buenas tardes tan amable debido contingencia sucediendo covid casa encuentra sola ninguna persona pasado marzo factura des periodo disminuido costo llego alto favor necesito explique sucedio gracias,,2
reclamo,inconformidad con el consumo o produccion facturad,inmensa sorpresa veo factura período llega incremento superior consumidos digo extrañeza justamente dos personas menos hogar consumos actuales estrictamente necesarios,,2
reclamo,inconformidad con el consumo o produccion facturad,solicito factura pago mes marzo abril cobradas acuerdo medidor promedio consultorio desocupado fechas consumo mínimo,,2
reclamo,inconformidad con el consumo o produccion facturad,revisar consumo actual encuentro razón incremente casi doble respecto marzo justifica aumento abril situación mayo debe ser similar incrementaron personas vivienda energía asuario autoriza respuesta mail,,2
reclamo,inconformidad con el consumo o produccion facturad,dos últimas facturas llegado percibo aumento exagerado pagar aun viviendo residencia acudo primero ustedes llevar situación instancia jurídica pido favor ser atendida pronto posible,,2
reclamo,inconformidad con el consumo o produccion facturad,recibo mes febrero abril presente año llegan noto promedio solicito revisión pues uso energía frecuente tan altono modifico nombre solicitante,,2
reclamo,inconformidad con el consumo o produccion facturad,cobro exagerado injusto sabiendo ultimo recibo pago mil hoy razon llega pesos mas caro,,2
reclamo,inconformidad con el consumo o produccion facturad,manifiesto inconformidad costo servicio empezó emergencia sanitaria dos personas casa estudiantes tenia marzo presente año noche solo bombillo prendido televisor tal razón debería llegar mas económico gracias,,2
reclamo,cobros por promedio,exijo lectura contador llegando facturas costosas solo personas ahora promedian deshonesto nunca pasado mil factura pesos economía suelo actúen correctamente lean contadores,,2
reclamo,pago sin abono a cuenta,factura llega saldo favor pago doble anterior vez aplicado diferencia requerimos explicación debería quedar,,2
reclamo,inconformidad con el consumo o produccion facturad,deseo presentar reclamo propietario bar encuentra cerrado marzo año curso tener consumo llega factura alto,,2
reclamo,inconformidad con el consumo o produccion facturad,dirección queda ubicada discoteca funcionamiento inicio cuarentena consumo energía aun así genero factura cobro promedio anterior acepto autorizo exijo lectura real medidor facturación,,2
reclamo,inconformidad con el consumo o produccion facturad,motivos aislamiento obligatorio casa desocupada consumo unicamente bajo favor revisar inaudito pago alto llego,,2
reclamo,inconformidad con el consumo o produccion facturad,usuario inconforme consumo abril manifiesta apartamento etas desocupado cobrando,,2
reclamo,inconformidad con el consumo o produccion facturad,incremento servicio habitar inmueble adjunta carta reclamación,,2
reclamo,inconformidad con el consumo o produccion facturad,buenas tardes facturas marzo abril llegaron valores corresponden consumo solicito favor revisar reintegrar mayor facturado,,2
reclamo,inconformidad con el consumo o produccion facturad,incremento desmedido consumo apto obedece confinamiento mismas personas normalmente realizamos trabajos casa practicado recomendaciones bajar sucede sigue subida necesito revisión cuenta contador domicilio necesario,,2
reclamo,inconformidad con el consumo o produccion facturad,dirección funciona negocio informo encuentra cerrado hace dos meses inicio emergencia sanitaria anterior acepto autorizo cobro promedio consumidor exijo lectura real medidor mes facturación,,2
reclamo,inconformidad con el consumo o produccion facturad,solicita revisión consumo luz residencia factura aumentado considerablemente últimos meses,,2
reclamo,inconformidad con el consumo o produccion facturad,incremento desmedido consumo apto obedece confinamiento única persona habita normalmente realizo trabajo casa practicado recomendaciones bajar sucede sigue subida necesito revisión cuenta contador domicilio necesario,,2
reclamo,inconformidad con el consumo o produccion facturad,dispuesta pagar aporte voluntario decreto decido pagarlo además necesito verifiquen lectura medidor dado venido consumiendo mismo mes marzo,,2
reclamo,inconformidad con el consumo o produccion facturad,cobro excesivo factura meses abril apartamento solo vivimos adultos bebe explicamos cómo subió consumo doble,,2
reclamo,inconformidad con el consumo o produccion facturad,buenos días siguiente pqr manifestar reclamo respecto valores facturados servicios energía últimos meses casa solamente vivimos dos personas único consume nevera bombillos cuales ahorradores espero pronta respuesta validación fondo muchas gracias,,2
reclamo,inconformidad con el consumo o produccion facturad,presente expresar preocupación solicitar revisión contador mes anterior día hoy incremento notablemente costo luz razón alguna puesto integrantes hogar siempre sido mismos parece justo saquen promedio consumos anteriores momento núcleo familiar mismo residimos vivienda hace dos años solicito amablemente revisen puedan evidenciar dicho aumento consumo injustificado,,2
reclamo,inconformidad con el consumo o produccion facturad,buen dia solicito revisión facturación factura llegando demasiado costosa ser estrato ademas contamos local comercial consumo tan elevada,,2
reclamo,inconformidad con el consumo o produccion facturad,queja cobro tan alto factura entiendo subió sino cuarentena trabajamos normal necesito favor revisen servicio energía cobraron periodo,,2
reclamo,inconformidad con el consumo o produccion facturad,inconformidad incremento desmedido servicio público luz,,2
reclamo,inconformidad con el consumo o produccion facturad,reclamo generado debido incremento exagerado injustificado factura cobro promedio venía facturando adicional presento inconformidad promediado realizado falta lectura presenta sobrecosto elevado,,2
reclamo,inconformidad con el consumo o produccion facturad,solicita revisar cobro promedio establecimiento encuentra cerrado debido pandemia realizar consumo real inmueble marzo mayo cuyo debe ser cero kilovatios adjunta solicitud,,2
reclamo,inconformidad con el consumo o produccion facturad,aumento energía cuenta,,2
reclamo,inconformidad con el consumo o produccion facturad,solicita revisar cobro promedio establecimiento encuentra cerrado debido pandemia realizar consumo real inmueble marzo mayo cuyo debe ser cero kilovatios adjunta solicitud,,2
reclamo,inconformidad con el consumo o produccion facturad,pqr respecto facturación cuenta periodos comprendidos enero febrero marzo adjunta escrito,,2
reclamo,inconformidad con el consumo o produccion facturad,relama consumo periodo comprendido solicita revisión pues paso pagar mil,,2
reclamo,inconformidad con el consumo o produccion facturad,atención queja allegada agencia ministerio publico local parte señora acenet ramirez cuervo manifiesta inconformidad incremento irracional servicio público luz cobro nuevamente pago efectuado día marzo cuenta facturación solicitamos respetuosamente allegar personería municipal copia respuesta remitida peticionaria,,2
reclamo,inconformidad con el consumo o produccion facturad,usuaria manifiesta enero llegó recibo ido subiendo paulatinamente último inpagable necesitó solución urgente puedo seguir permitiendo siga pasando agradezco atención,,2
reclamo,inconformidad con el consumo o produccion facturad,hago solicitud revisar cobro factura pues viene incremento respecto ultimos meses pagar,,2
reclamo,inconformidad con el consumo o produccion facturad,últimos dos meses incrementando factura justificación consumo promedio ahora dice siendo mismas personas permanecemos vivienda dicha agua caliente lavamos solamente vez semana parece robo pienso pagar muchas gracias,,2
reclamo,inconformidad con el consumo o produccion facturad,presento inconformidad costo factura consumo subido considero actividades casa difieren mes anterior encontrábamos cuarentena realizamos exactamente mismas vivimos personas ello justificado aumento exuberante,,2
reclamo,inconformidad con el consumo o produccion facturad,consumo sigue siendo mismo casa inclusive trabajo permanezco dia obra gracia sube fact mes pesos solo barrio,,2
reclamo,inconformidad con el consumo o produccion facturad,incremento factura adjunto fotografías medidor mayo cercanía consumo facturado anexo foto,,2
reclamo,inconformidad con el consumo o produccion facturad,presento reclamo incremento pagar facturas períodos anexo oficio,,2
reclamo,inconformidad con el consumo o produccion facturad,usuaria hace reclamo manifiesta pagar promedio mil mismas personas trabajando pandemia comprendemos pueda incrementar doble dañado contador leyendo raro pasa pronto siguiente llega triple así sucesivamente periodo,,2
reclamo,inconformidad con el consumo o produccion facturad,consumo llego alto solicito verifiquen,,2
reclamo,inconformidad con el consumo o produccion facturad,solicito respetuosamente verificada factura vivienda mes enero viene observando aumento casi pido realicen verificación física caso permanece sola mayor parte día,,2
reclamo,inconformidad con el consumo o produccion facturad,solicita revisión valores cobrando período comprendido demasiado alto,,2
reclamo,inconformidad con el consumo o produccion facturad,encuentro factura comprendida periodos presento alza abrupta veinte mil pesos exijo realice desembolso dinero veré necesidad interponer queja superintendencia servicios públicos cobro demasiado exagerado,,2
reclamo,cobros por promedio,usuario manifiesta negocio encuentra cerrado marzo debido pandemia solicita revisar cobro periodo comprendido abril mismo febrero,,2
reclamo,pago sin abono a cuenta,pago factura retraso meses deuda hoy llega mismos porfa votos necesito solucionen situación gracias,,2
reclamo,inconformidad con el consumo o produccion facturad,factura mayo llegó cara meses mismas personas creo justo tiempo tan difícil acceder dinero usuario autoriza respuesta mail,,2
reclamo,inconformidad con el consumo o produccion facturad,usuario manifiesta observando últimos meses cobro mes marzo abril diferencia promedio kwh considero desproporcionado,,2
reclamo,inconformidad con el consumo o produccion facturad,buenas tardes medio quisiera dejar queja cobro factura mes mayo subio exageradamente espero pronta respuesta revisión,,2
reclamo,inconformidad con el consumo o produccion facturad,ltima factura incremento demasiado comparaci anterior veo pandemia permanezco menos casa ladrones exijo cobren pagar abusivos,,2
reclamo,inconformidad con el consumo o produccion facturad,usuaria inconforme factura periodo dado promedio pago diciembre oscilo mes duplico además consumo últimos kwh,,2
reclamo,inconformidad con el consumo o produccion facturad,solicitó informen grade incremento meses panadería robo puesto casa llena días sola agradezco corrijan pagos gracias,,2
reclamo,inconformidad con el consumo o produccion facturad,dirección queda ubicado negocio cerrado inicio cuarentena nacional tal motivo realizado consumo aun así refleja factura cobro promedio acepto autorizo exijo lectura medidor pago correspondiente periodo,,2
reclamo,inconformidad con el consumo o produccion facturad,buenas tardes tan amable debido contigencia sucediendo covid casa encuentra sola ninguna persona pasado marzo factura periodo abril disminuido costo llego alto favor necesito explique sucedio gracias,,2
reclamo,inconformidad con el consumo o produccion facturad,reclamo obedece produjo incremento exagerado facturado dado consumo basicamente mismo,,2
reclamo,inconformidad con el consumo o produccion facturad,solicito revisión cobro ultimas facturas incremento oxila mil pesos normalmente llegaba siendo notorio,,2
reclamo,inconformidad con el consumo o produccion facturad,acuerdo facturado evidencia alto incremento solicitamos actas liquidación anteriores,,2
reclamo,inconformidad con el consumo o produccion facturad,cobrado tarifa recuento fechas excesiva mes enero marzo utilizando ningún electrodoméstico plancha lavadora generaban mayor quedo atenta gracias,,2
reclamo,inconformidad con el consumo o produccion facturad,solicito revisiona ultimos valores cobrados superar mes anterior considero adecuado,,2
reclamo,inconformidad con el consumo o produccion facturad,derecho petición solicito revisado alto consumo injustificado vigencia meses cuenta marzo año curso vivienda encuentra totalmente desocupada reembolso,,2
reclamo,inconformidad con el consumo o produccion facturad,arrendadora manizales apto vivo sola cuestiones laborales salí marzo ciudad armenia tocó cuarentena aparta estudio vacío mayo puede regresar pagaba facturas altas revisar medidor,,2
reclamo,inconformidad con el consumo o produccion facturad,solicitamos revisar cobro periodo exagerado considerando oficinas permanecieron cerradas,,2
reclamo,inconformidad con el consumo o produccion facturad,solicitamos revision factura correspondiente consumo registra exagerado considerando actividad oficina minima,,2
reclamo,inconformidad con el consumo o produccion facturad,siento honrado cobro servicio promedio relacionan factura pagar usuario informo voy respuesta justa clara parte chec acerca tan elevado prestación,,2
reclamo,inconformidad con el consumo o produccion facturad,predio rural denominado manzanares existen cuentas cuales llegaron incremento última factura pagar quisiera saber cuál motivo causa dicho,,2
reclamo,inconformidad con el consumo o produccion facturad,factura subió mas mil pesos solicito corrección devolver próxima usuario autoriza respuesta mail,,2
reclamo,inconformidad con el consumo o produccion facturad,solicito revisión contador consumo elevado factura recibida,,2
reclamo,inconformidad con el consumo o produccion facturad,solicito revisión contador consumo elevado factura recibida,,2
reclamo,inconformidad con el consumo o produccion facturad,alto registro solicita explicación dicha subida tan absurda casi mil pesos,,2
reclamo,cobros por promedio,cliente solicita retiro cobro promedio ultimas facturas,,2
reclamo,inconformidad con el consumo o produccion facturad,inconformidad consumo períodos comprendidos enero marzo mayo usuario manifiesta recibido oportunamente factura correspondiente lectura comprendida encuentra sorpresa misma dista recibida periodo comprendido aun hogar refiere casa quedó completamente sola dos electrodomésticos conectados congelador nevera demás desconectado ambos periodos kwh hace eco situación mencionada anteriormente adicionalmente mencionado indica portero condominio asegura chec pandemia visitado valores deben ser promediados adjunto envío ambas facturas,,2
reclamo,pago sin abono a cuenta,realiza pago doble cruza saldo favor queda pagar debería ser cancelado diferencia encontramos,,2
reclamo,inconformidad con el consumo o produccion facturad,cobro excesivo facturación meses,,2
reclamo,inconformidad con el consumo o produccion facturad,parece exageración cobro factura acuerdo,,2
reclamo,inconformidad con el consumo o produccion facturad,solicito queja inconformidad cobros emitidos facturacion llego mes abril aunmentaron doble validacion ajuste inconforme,,2
reclamo,pago sin abono a cuenta,descubro factura mes aumentó debido cobrando saldo anterior alumbrado publico posible pagó totalmente verificar pago realizado página ustedes,,2
reclamo,inconformidad con el consumo o produccion facturad,buenas tardes quiero saber consumo subido solo vivimos dos personas permanece casa llega noche nunca prende televisor cocina gas muchas gracias,,2
reclamo,inconformidad con el consumo o produccion facturad,entiendo estan cobrando mes abril consumo promedio pesar cuarentena mas personas puedan incrementar casa pues trabajado normalmente,,2
reclamo,inconformidad con el consumo o produccion facturad,manifiesta atropello factura casi doble aun bajamos consumo salimos pertenecemos unidad víctimas quedé trabajo causa emergencia,,2
reclamo,cobro de cargos relacionados con el servicio publi,informa factura aporte acuerdo pago saldo deuda reportan cobrando,,2
reclamo,inconformidad con el consumo o produccion facturad,factura mes mayo llegó incremento cuenta consumo promedio paga mismas personas vivienda empleos afectado incrementar solicitamos revisión contador nuevamente,,2
reclamo,inconformidad con el consumo o produccion facturad,presento inconformidad aumento desmesurado factura viene presentando mes vivienda,,2
reclamo,inconformidad con el consumo o produccion facturad,celular favor necesito revisión última factura duplica meses anteriores existe justificación dicho aumento,,2
reclamo,inconformidad con el consumo o produccion facturad,sigo inconforme parece exagerado aumento consumo mismo aprovechando cuarentena cobrar factura nueva llego cara colmo promedio mil maximo voy insistir solucionen,,2
reclamo,inconformidad con el consumo o produccion facturad,presente pqr fin verifiquen correcta justamente consumo últimos dos meses factura incrementado manera injustificada,,2
reclamo,inconformidad con el consumo o produccion facturad,incremento servicio comparación mes anterior,,2
reclamo,inconformidad con el consumo o produccion facturad,factura llegó sobrecosto menos pesos casa usa constantemente máquina coser mes facturando utilizó demás funcionando igual debió llegar dinero mantenerse cercano promedio anterior ocurrió mismo,,2
reclamo,inconformidad con el consumo o produccion facturad,deseo verifique consumo registrado puesto evidencia alto siquiera presentó diciembre luces navidad quedo atenta muchas gracias,,2
reclamo,inconformidad con el consumo o produccion facturad,quiero instaurar presente queja mes sube factura aunado ello apto solo viven dos personas cuenta pandemia bien cierto facilidad cancelarlas meses mismo igual toca cancelar favor tener situación,,2
reclamo,inconformidad con el consumo o produccion facturad,períodos marzo correo manifiesta empresa cerro totalmente emergencia covid dia anterior solicitamos efectuar ajuste cobros periodo mencionado consumo energía quedamos atentos tramite,,2
reclamo,inconformidad con el consumo o produccion facturad,facturación aumentó considerablemente consumo refleja casi mil pesos casa trabajamos salud emergencia grandes cambios solicito revisen datos favor,,2
reclamo,inconformidad con el consumo o produccion facturad,medio presente exijo revision cobro exagerado factura llego pagar mayo extraño mes menos utilizo servicio cobrando semejante cantidad,,2
reclamo,inconformidad con el consumo o produccion facturad,solicita revisión facturación casa solo habita sola persona posible mes aumente periodo servicio,,2
reclamo,inconformidad con el consumo o produccion facturad,gracias veo extrañeza consumo incrementó parece lógico bien tiempo casa justifico tal incremento solicito favor revisión,,2
reclamo,inconformidad con el consumo o produccion facturad,usuario inconforme consumo periodo mayo incremento factura pagaban promedio registra razón alguna puesto vive solo hija,,2
reclamo,inconformidad con el consumo o produccion facturad,medio presente correo permito solicitar revisión factura correspondiente meses año curso vivienda ubicada barrio camelias calle hermosa razón dos personas vivimos dicha propiedad visto manera desbordada desmedida cobro facturas aumentado des proporcionadamente cuenta sustentando descontento especialmente trabajo cobijado bajo ley gubernamental toque queda dada nivel nacional decir cuarentena casa solo permanecido madre jornada laboral implica permanezca casi día sola persona estudiado actividades hacer diario sustenta razones justificar notorio incremento podemos pagar,,2
reclamo,inconformidad con el consumo o produccion facturad,buenas tardes manera atenta solicito revisión facturación periodo consumo mes debido incremento injustificado entendible casi normalmente factura,,2
reclamo,inconformidad con el consumo o produccion facturad,costo elevado factura local cerrado meses llego cobrando abierto normal mente pago promedio mil pesos llegó exageradamente cerro marzo reabrió junio,,2
reclamo,inconformidad con el consumo o produccion facturad,gustaria revisaran consumo apartamento dia marzo hoy encuentra nadie descuento respecto mes anterior bajo,,2
reclamo,inconformidad con el consumo o produccion facturad,aumento factura establecimiento comercial promedio normal cerrado mas mes,,2
reclamo,inconformidad con el consumo o produccion facturad,realizo reclamo seguir proceso aumento luz apartamento dado respuesta alguna solución,,2
reclamo,inconformidad con el consumo o produccion facturad,aporte puede pagar virtual marzo mayo trabajo monto tan alto lecturas reflejan cobro hacen promedio,,2
reclamo,inconformidad con el consumo o produccion facturad,buenos días favor entiendo subiendo apagar mes pasado subio vivo practicamente sola usuario autoriza respuesta mail,,2
reclamo,inconformidad con el consumo o produccion facturad,factura aumentó desproporcionadamente pasé pagar mes quedo atenta respuesta muchas gracias,,2
reclamo,inconformidad con el consumo o produccion facturad,celular mabel jesús cobro consumo energético aparece incrementado demasiado tarifa cobrando pesos extraño integrantes equipos conexión demás siempre sido mismos periodo facturación,,2
reclamo,inconformidad con el consumo o produccion facturad,meses marzo abril encontraba nadie apartamento aparece consumo favor indican,,2
reclamo,cobros por promedio,disminuye personas razón pandemia mayor seguridad desplazamientos además tele trabajo parecer tomaron lectura contador aún así subieron factura pesos pasó favor tener consideración tiempos difíciles mil gracias atención pronta solución,,2
reclamo,inconformidad con el consumo o produccion facturad,solicito revisión factura especial contribución activa parece cobro demasiado oneroso contingencia viviendo,,2
reclamo,cobros por promedio,cliente solicita retiro cobro promedio ultimas facturas,,2
reclamo,inconformidad con el consumo o produccion facturad,solicito hacer reclamo factura energía incrementó pesos justificación elevado presupuesto agradezco colaboración,,2
reclamo,inconformidad con el consumo o produccion facturad,señor desea conocer motivo consumo mes llego alto entiende conceptos cobrando factura siempre promedio inmueble,,2
reclamo,pago sin abono a cuenta,solicitado registren pago mes febrero realicé medio pse recibos siguen llegando mora dan respuesta necesito solicitud radicado,,2
reclamo,inconformidad con el consumo o produccion facturad,incremento exagerado servicio cada mes sube descaro total necesitamos respuesta inmediata situación favor,,2
reclamo,inconformidad con el consumo o produccion facturad,inconformidad pues factura subido casi pesos viven dos personas nunca segundo lugar hace mas meses vienen tomar lectura medidor cobrando promedio estratos bajos,,2
reclamo,inconformidad con el consumo o produccion facturad,entiendo cobran energía meses cerrado negocio razones lógicas covid necesito corrijan debe ser error funcionario terminal militarizado podemos ingresar allá marzo haber cobro luz,,2
reclamo,inconformidad con el consumo o produccion facturad,reclamacion aumento excesivo,,2
reclamo,inconformidad con el consumo o produccion facturad,marzo día empezó contingencia covid terminal transportes manizales cerró puertas decreto presidencial allí encuentra ubicado negocio cerrado seguido llegando facturas valores iguales superiores meses pleno funcionamiento parece descaro parte ustedes totalmente solo enfriador refleja contador luz veo apoyo usuarios forma facturar,,2
reclamo,inconformidad con el consumo o produccion facturad,haga revisión pertinente consumo energía dispositivos miden notifique dia encontrarse medidor malo cambiarlo costo usuario revisen parámetros efectuar cobro ajuste realidad derecho petición anexo,,2
reclamo,inconformidad con el consumo o produccion facturad,reclamo recibo incremento cuenta anterior canceló empezado cuarentena siempre mismas dos personas vez llega tan costoso agradezco colaboración,,2
reclamo,inconformidad con el consumo o produccion facturad,meses diciembre enero mediados febrero país casa quedo sola consumo mínimo pese cobraron promedio arbitrariamente,,2
reclamo,inconformidad con el consumo o produccion facturad,período factura según expresa oficio hace varios meses vengo haciéndole seguimiento servicio consumo parte habitamos residencia siempre mismas personas días casa motivos viaje ciudad cali puesto encuentro tratamiento oncológico cómo posible casi aumente manera significativa cada mes calentadores duchas olla arrocera plancha desperdiciamos energia cobrando restaurante residencial empresa vino revisar encontraron fugas dicen cuarentena disparó resulta permiso trabajar tiempo confinamiento comprendo mas bajo elevan,,2
reclamo,pago sin abono a cuenta,factura llegó doble mes cancelado pago,,2
reclamo,inconformidad con el consumo o produccion facturad,presentado últimos dos meses aumento considerable mensual factura,,2
reclamo,inconformidad con el consumo o produccion facturad,solicitamos respectivo ajuste cobro consumo dela factura mayo dado allí funciona punto venta locura periodo facturado totalmente cerrado bajaron brekes desconectaron equipos servicio cliente tal motivo dicho próxima,,2
reclamo,inconformidad con el consumo o produccion facturad,solicito revisión lectura contador hizo facturación mes estimación consumo efectuada manera detallada llego recibo máximo pagado solo vivimos adultos niña años,,2
reclamo,inconformidad con el consumo o produccion facturad,mes marzo abril pague menos mitad cobrando aparece consumo cobrado exagerado mismas personas viviendo,,2
reclamo,inconformidad con el consumo o produccion facturad,buenas noches necesito solución ajuste últimas dos facturas cobro exagerado robo total ustedes empresa usuarios estrato realizando cobros tan altos pagar suben mil adicionales llega factura vez bajar aumentan cada día,,2
reclamo,inconformidad con el consumo o produccion facturad,usuaria reclama facturas marzo cuales incremento costo compara últimas generadas solicita cobrar promedio corregir facturación,,2
reclamo,inconformidad con el consumo o produccion facturad,celular natalia díaz aumento promedio exagerado consiguiente factura demasiado hace años vivo ahí permanezco ser trabajadora salud adquirido nuevo justificar costo doble facturación,,2
reclamo,inconformidad con el consumo o produccion facturad,celular costo extremadamente excesivo apartaestudio últimos meses,,2
reclamo,inconformidad con el consumo o produccion facturad,factura llego coincide ruta lectura efectuado normalmente anterior actual dio estan cobrando nunca consumido tal cantidad menos pagado cuenta meses laboró además reviso veces afirma contador bien,,2
reclamo,cobro multiple y/o acumulado,factura correspondiente período marzo abril doble cobro alumbrado público mismo promedio consumo mes anterior cobra mayor pagado meses anteriores,,2
reclamo,inconformidad con el consumo o produccion facturad,facturas exageradas cobros funcionar local requerimos solución urgente impagables menos aun recibir ingresos posible facturando haciendo existen ultimas acordes gasto,,2
reclamo,inconformidad con el consumo o produccion facturad,solicitamos comedidamente revisión cobro periodo presentó ningún tipo actividad local,,2
reclamo,inconformidad con el consumo o produccion facturad,comunico ustedes través medio fin presentar queja debido recibo energía llegó caro agradezco revisen situación radicado superintendencia servicios públicos nro,,2
reclamo,inconformidad con el consumo o produccion facturad,alto costo facturación nota deuda diferir trata aumento factura solo mes,,2
reclamo,inconformidad con el consumo o produccion facturad,manifiesta disgusto incremento insensato servicio público luz suscripción traslado personería,,2
reclamo,inconformidad con el consumo o produccion facturad,buenas noches solicito revisión contador factura servicio aumentó promedio pago consumo exagerado van decir kwh pienso pagar ser cobro injusto usuario autoriza respuesta mail,,2
reclamo,inconformidad con el consumo o produccion facturad,meses marzo llegado cobro alto mas promedio mensual tal razón requiero revisión devuelvan mayores valores cobrados pagados ademas reajuste pago mes,,2
reclamo,inconformidad con el consumo o produccion facturad,apartaestudio desocupado enero tacos off olx aviso arrienda factura consumo reportó cero febrero cobran marzo contador vacio valores anteriores medidor consumir ilegal,,2
reclamo,inconformidad con el consumo o produccion facturad,cliente presenta reclamo factura indicando consumo incrementó establecimiento cerrado covid maro,,2
reclamo,inconformidad con el consumo o produccion facturad,factura enero marzo pago periodo fines semana predio mayo llega cuarentena entonces aumenta deshabitado favor revisar,,2
reclamo,cobro de cargos relacionados con el servicio publi,factura presenta aporte voluntario realice abono refleja saldo pagado solicito aclaración respecto,,2
reclamo,"cobros por conexion, reconexion, reinstalacion",buenas tardes factura llegando reconexión ningún momento hecho suspensión servicio derecho cobro,,2
reclamo,inconformidad con el consumo o produccion facturad,generado incremento considerable costo factura,,2
reclamo,inconformidad con el consumo o produccion facturad,incremento excesivo factura luz solicito revisión urgente,,2
reclamo,inconformidad con el consumo o produccion facturad,solicito amablemente revisen factura periodo marzo mayo incremento según llamada dicen facturando días comparación anterior favor colaboran revisando explicando escrito cobrando,,2
reclamo,inconformidad con el consumo o produccion facturad,requiero validar incremento factura correspondiente mes abril permanezco casa teletrabajo cobrado superior promedio mensual,,2
reclamo,inconformidad con el consumo o produccion facturad,costo ultimas facturas sido demasiado alto relación consumo,,2
reclamo,inconformidad con el consumo o produccion facturad,maria ospina cuenta piso estrato luis murillo consumo estan cargandolo estratos diferentes usuario autoriza respuesta mail,,2
reclamo,inconformidad con el consumo o produccion facturad,siento inconforme facturas venido mes mayo junio solo vivimos dos personas recién pasadas manejamos pocos electrodomésticos culpa pandemia momentos mala situación espero atenta cualquier información,,2
reclamo,inconformidad con el consumo o produccion facturad,usuario manifiesta consumo energía sido similar últimos meses entiende aumenta factura,,2
reclamo,inconformidad con el consumo o produccion facturad,buenos días quiero hacer reclamación factura energía llegó gran incremento casa adultos niños consumido misma meses anteriores quisiera hicieran revisión parece justo mes pasado pasó mismo dije,,2
reclamo,inconformidad con el consumo o produccion facturad,fra abril presenta error lectura registrar consumo prom entonces evidenció disminución actual pago solicito revision medidor lecturas efectúa dependiente,,2
reclamo,inconformidad con el consumo o produccion facturad,solicito revise cobro factura mes toda vez demasiado alta venido pagando solo dos personas permanecemos apartamento consumo constante subir,,2
reclamo,inconformidad con el consumo o produccion facturad,realizan nuevamente cobro exagerado factura cobrando saldo anterior canceló completa veces alumbrado parece descaro dónde subsidio dicen dar,,2
reclamo,inconformidad con el consumo o produccion facturad,solicitamos explicación cobro exagerado descontaron cuenta supuestamente promedio ustedes puede ver nunca pagado mas respuesta inmediata,,2
reclamo,inconformidad con el consumo o produccion facturad,buenos días solicitud inconformidad cobro factura mes llego pesos parece caro primera vez llega recibo tan alto sola facturación situación cuarentena deberían tener consi adjunto jpg,,2
reclamo,cobro de otros bienes o servicios en la factura,solicito amablemente revisar facturas aparece deuda financiada cancelado todas,,2
reclamo,inconformidad con el consumo o produccion facturad,celular javier marin respetuosamente dirijo usted animo solicitar verificación parte corresponde instrumento medición contabilizar consumo red fluido eléctrico vivienda familiar afirme venido incrementando noviembre mayo,,2
reclamo,inconformidad con el consumo o produccion facturad,buenas noches pasa subiendo gradualmente pagar factura abril gracias,,2
reclamo,inconformidad con el consumo o produccion facturad,inconformidad consumo solo permanece persona incremento incluso mas consumos anteriores altos meses mayor agradezco atiendan inquietud periodos objeto reclamación comprendidos marzo,,2
reclamo,cobro de cargos relacionados con el servicio publi,buenas tardes amablemente solicito revisión liquidado factura mes mayo dado concepto impuesto alumbrado publico corresponde normalmente pago hizo aumentara pagar considerablemente llego,,2
reclamo,pago sin abono a cuenta,usuario manifiesta factura doble recibo pago,,2
reclamo,inconformidad con el consumo o produccion facturad,incremento tarifa energía momento municipios subsidiando incrementado cobro pesos injusto usos diferentes meses anteriores,,2
reclamo,pago sin abono a cuenta,mayo cancelaron dos facturas pendientes factura actual relacionan hicieron descuento mes pasado tal motivo llego saldo anterior reflejando corresponde sumatoria,,2
reclamo,inconformidad con el consumo o produccion facturad,usuario reclama cobro consumo comprendido manifiesta mes pasado realiz reclamación anterior realizaron respectiva revisión solicita urgente lecturas realizadas demuestre técnicamente casa desocupada genera tan alto,,2
reclamo,inconformidad con el consumo o produccion facturad,queja alza desconsiderada servicio energía último pago abril recibo entregado mayo exagerada cabeza hogar asumo responsabilidad padre madre adjunto tres últimos recibos revisión ajuste,,2
reclamo,inconformidad con el consumo o produccion facturad,presenta aumento injustificado cobro servicio mes pasado promedio consumo similar pagar ahora cobran solicito corrección usuario autoriza respuesta mail,,2
reclamo,inconformidad con el consumo o produccion facturad,buenas quiero saber llegó tan cara factura mes pasado parece justo estrato,,2
reclamo,inconformidad con el consumo o produccion facturad,pqr respecto facturación cuenta periodos comprendidos enero febrero marzo adjunto escrito,,2
reclamo,inconformidad con el consumo o produccion facturad,reclamo aumento tarifa factura cuanta trabajando igual entendemos solicitamos reactivar dicho costo consumo sido mismo llegó pesos venido presentando anteriormente,,2
reclamo,cobros por promedio,oficio queremos revisada cuenta energía entregan meses incluye segundo día mayo basamos siguiente,,2
reclamo,inconformidad con el consumo o produccion facturad,apartamento encuentra deshabitado marzo puede ser semejante mes anterior cantidad kilovatios lectura coincide similar meses anteriores cuales habitado,,2
reclamo,inconformidad con el consumo o produccion facturad,permito solicitar través petición explicación fondo incrementó consumo activo factura toda vez imposible aumento ustedes reflejan cuenta meses anteriores promedio,,2
reclamo,inconformidad con el consumo o produccion facturad,inconforme facturado mes veo cobro sobrepasa promedio pagado habitualmente gracias gestión,,2
reclamo,inconformidad con el consumo o produccion facturad,solicita revisión factura actual comprendida marzo abril llegó cara mes pasado anterior motivo variado labores casa manifiesta posiblemente error medición,,2
reclamo,inconformidad con el consumo o produccion facturad,llega cobro factura predio lleva mas años desocupado solicito verificada lectura tomo momento parece justo servicio usando dije favor necesito verifiquen cuenta,,2
reclamo,inconformidad con el consumo o produccion facturad,usuario manifiesta factura periodo marzo duplicó,,2
reclamo,inconformidad con el consumo o produccion facturad,buenas noches pago facturas llega,,2
reclamo,inconformidad con el consumo o produccion facturad,usuario inconforme cobro acumulado dice ocupa apartamento habla español revisión anterior realizó chec dijo purificador aire acondicionado solicita eliminar prueba contador consumo posterior alto llevar laboratorio inspeccionar instalación contacto whatsapp mail,,2
reclamo,inconformidad con el consumo o produccion facturad,llego gran aumento energía situación preocupante día marzo abril dentro vivienda,,2
reclamo,inconformidad con el consumo o produccion facturad,usuario solicita revision incremento exagerado cobro factura ultimo mes cancelada periodo comprendido marzo abril,,2
reclamo,inconformidad con el consumo o produccion facturad,usuario presenta reclamación inconformidad cobro consumos periodos,,2
reclamo,inconformidad con el consumo o produccion facturad,últimos tres meses evidencia aumento exagerado factura casa mismas personas consumiendo mismo entendemos motivo incremento,,2
reclamo,inconformidad con el consumo o produccion facturad,predio sigue presentando consumo energía habitado lleva desocupado meses anterior actual apartamento,,2
reclamo,inconformidad con el consumo o produccion facturad,empresa servicios públicos domiciliarios expidió factura periodo febrero marzo consumo haciendo caso omiso cumplimiento establecido ley así mismo justifica residencia deshabitada tiempo,,2
reclamo,inconformidad con el consumo o produccion facturad,cobro factura venido incrementando forma desproporcionada lapso tres meses mes junio pretende pague pesos hace tan solo pagaba,,2
reclamo,inconformidad con el consumo o produccion facturad,cuenta corresponde servicio provisional obra semillas otun cerrada día marzo abril decir lugar consumo embargo factura mes llego mayor meses,,2
reclamo,inconformidad con el consumo o produccion facturad,llevo mes febrero vivir apartamento alli solo conectado consumo minimo nevera llega recibo promedio normal viviendo favor revisar,,2
reclamo,inconformidad con el consumo o produccion facturad,usuario manifiesta requieren den solución cobro arbitrario exagerado justo cada mes incrementando cuenta pisos propio contador aun asi sigue llegando exageradamente factura pregunta realizando lectura contadores,,2
reclamo,inconformidad con el consumo o produccion facturad,gobierno dijo emergencia podían incrementar costo servicios públicos chec mes marzo aumento factura kwh aparece fra demos cuenta incremento febrero estrato aparecía además costoso adjunto envío evidencia usuario autoriza respuesta mail,,2
reclamo,inconformidad con el consumo o produccion facturad,usuario inconforme consumo comprendido mayo manifiesta debido emergencia covid empresa realizó toma lecturas cobro promedio yendo indicaciones gobierno nacional frente servicios públicos aplicación alivios financieros solicita ajuste cobrado acorde condiciones actuales,,2
reclamo,inconformidad con el consumo o produccion facturad,usuario encuentra inconforme consumo ultima factura periodo comprendido marzo abril manifiesta cobro casi doble kilovatios vivienda tan alto,,2
reclamo,pago sin abono a cuenta,factura llegó doble adjunto comprobante pago mes anterior,,2
reclamo,inconformidad con el consumo o produccion facturad,recibido ninguna visita técnica informan respuesta brindan numero contacto cuenta tarifa comercial hace mas año existe negocio factura llego todavía elevada anterior,,2
reclamo,inconformidad con el consumo o produccion facturad,incrementando consumo gastado prácticamente mismo mes anterior semana persona menos requiere ayuda cobren cada vez sube periodo servicio,,2
reclamo,inconformidad con el consumo o produccion facturad,inconformidad recibo energía mes llego tarifa mas venia cancelando solicito revisión entiendo tarifas congeladas,,2
reclamo,inconformidad con el consumo o produccion facturad,alto costo consumo clínica trabajando media marcha servicios funcionamiento menos,,2
reclamo,inconformidad con el consumo o produccion facturad,facturas mes incrementaron casa aumento personas cuarentena laborar sector salud encuentro razón,,2
reclamo,inconformidad con el consumo o produccion facturad,solicito revisión incremento factura energía considero demasiado aun cada mes sube permaneciendo apartamento solo pandemia mas considerable comparación incrementos meses anteriores tal razón reajuste cuales justificación,,2
reclamo,inconformidad con el consumo o produccion facturad,buenas tardes favor revisar consumo ultimos meses incrementado manera inapropiada siempre mismas personas losmismos electródomesticos agradezco revisión caso,,2
reclamo,inconformidad con el consumo o produccion facturad,requiero revisión consumo luz reflejó aumento exagerado desproporcionado facturas mayo junio,,2
reclamo,inconformidad con el consumo o produccion facturad,lectura recibo revisar contador día hoy favor realizar nueva generar nuevo pago gracias,,2
reclamo,inconformidad con el consumo o produccion facturad,usuario inconforme cobro consumo ultima factura periodo comprendido marzo abril manifiesta predio viven dos personas teletrabajo pandemia,,2
reclamo,inconformidad con el consumo o produccion facturad,injusto cobro realizado dos últimos meses según factura adjunta promedio kwh original ahora digan medida prom cobrando usuaria derecho atiendan petición vuelvan cobrar verdaderamente marca medidor,,2
reclamo,inconformidad con el consumo o produccion facturad,facturación consistente dic kwh enero mzo lectura actual revisar servicio varias viviendas resido tacos solo veo medidor,,2
reclamo,inconformidad con el consumo o produccion facturad,solicitud visita técnica inconformidad consumo producción facturado anexa correo factura comprendida marzo mayo,,2
reclamo,inconformidad con el consumo o produccion facturad,numero medidor hoy factura llego sabiendo mensualmente llega maximo voy instalaciones estan prestando servicio necesito saber muchas gracias quedo atento usuario autoriza respuesta mail,,2
reclamo,inconformidad con el consumo o produccion facturad,acuerdo facturado evidencia alto incremento solicitamos actas liquidación anteriores,,2
reclamo,inconformidad con el consumo o produccion facturad,factura correspondiente mes abril llegó costosa tiempo llevamos servicio pasaba ocasión pagamos acuerdo cobro tan alto,,2
reclamo,inconformidad con el consumo o produccion facturad,solicitamos revisar ajustar facturas debido presentado incrementos pagar pagada abril ultima forma justificada documento adjunto encuentra toda información mes enero favor revisarla,,2
reclamo,inconformidad con el consumo o produccion facturad,acuerdo cobro dos ultimas facturas energia llegaron demasiado altos laborando casa pues trabajo parte estetica marzo laboro quedo atenta gracias,,2
reclamo,inconformidad con el consumo o produccion facturad,traslado super hacer reclamo llamo numero contestan oficinas chec santa rosa estan cerradas cobro excesivo energía venia pagando promedio ahora llegó sabiendo vivo solo cambiado,,2
reclamo,inconformidad con el consumo o produccion facturad,buenos días pasa quiero hacer reclamo alto consumo llegó mes factura luz solicitó revisión acuerdo cobrando muchas gracias atención quedó pendiente,,2
reclamo,inconformidad con el consumo o produccion facturad,según período facturado consumo prom fórmula tarifaria real ejecutado,,2
reclamo,inconformidad con el consumo o produccion facturad,buenas tardes necesito revisión consumo pagar incremento consumir quieren pueden venir casa den cuenta,,2
reclamo,inconformidad con el consumo o produccion facturad,usuario manifiesta noto gran preocupación servicio asociada cuenta incrementado últimos tres meses militar apartamento mantiene solo dia paso pagar razón alguna espero pronta solución,,2
reclamo,inconformidad con el consumo o produccion facturad,cuarentena apto vacío decir consumo factura sigue siendo mismo cambiando solo pesos absurdo debe ser muchísimo menor medido promediado,,2
reclamo,inconformidad con el consumo o produccion facturad,inconformidad precio facturas usuario autoriza respuesta mail,,2
reclamo,inconformidad con el consumo o produccion facturad,buenas tardes solicitud saber porke factura yego tan cara mes mayo llego pasando mente rrobo nesesito favor solucionen problema muchas gracias feliz tarde,,2
reclamo,inconformidad con el consumo o produccion facturad,permito solicitar revision lectura toda vez incremento promedio cobran periodo anterior cuenta vivo solo cocina estufa electrica ahorro energia mantiene presente,,2
reclamo,inconformidad con el consumo o produccion facturad,reclamo factura inmueble desocupado mediados marzo,,2
reclamo,inconformidad con el consumo o produccion facturad,casa encuentra totalmente sola marzo llego energía igual meses habitada consumo pagar posible requiero revise tema fraude,,2
reclamo,inconformidad con el consumo o produccion facturad,traslado competencia empresa sspd períodos marzo alto servicio aun sabiendo apto período solicito colaboración revisar tema consumo dirección mismo aumentado enormemente,,2
reclamo,inconformidad con el consumo o produccion facturad,cobro elevado facturación cuenta predio encontraba solo periodo facturado,,2
reclamo,pago sin abono a cuenta,aplicaron pago realizado pse dia abril,,2
reclamo,inconformidad con el consumo o produccion facturad,través medio quiero expresar queja incremento exagerado tarifa servicio pues mes diciembre venido presentando aumento desproporcionado considero injusto modo vida presentado cambios justifiquen dicho adjunta factura mayo,,2
reclamo,inconformidad con el consumo o produccion facturad,quiero hacer reclamo cobro exagerado ultimo recibo energía mes junio acuerdo casa casi electrodomésticos solo vivimos adultos mayores necesito cobren justo consumido quedo atento,,2
reclamo,inconformidad con el consumo o produccion facturad,buena noche solicito favor revisión urgente factura consumo documentos adjuntos pueden observar periodo dic feb canceló abril total traimos saldo pendiente observen sgtes facturas sucede,,2
reclamo,inconformidad con el consumo o produccion facturad,expreso inconformidad incremento costo factura solicito nueva revisión explicación dicho,,2
reclamo,inconformidad con el consumo o produccion facturad,reclamación incremento exagerado recibo energía últimos meses,,2
reclamo,inconformidad con el consumo o produccion facturad,visto incrementos factura parece irregular puesto pandemia cambiado actividades domesticas casa sube abusivo época vez ayudarnos perjudicando solicito haga revisión ultimos periodos facturados radicado,,2
reclamo,inconformidad con el consumo o produccion facturad,reclamo cobro excesivo diferencia consumo dos ultimas facturas,,2
reclamo,cobros por promedio,usuario solicita revisión medidor últimos cobros factura energía hecho promedio predio siempre alguien puerta teléfono persona habita,,2
reclamo,inconformidad con el consumo o produccion facturad,mes pasado incremento muchisimo factura consumo solicitamos revision indicaron kilovatio subio miniestra minas energia informo abril congeladas tarifas vuelve generarse nuevamente,,2
reclamo,inconformidad con el consumo o produccion facturad,acuerdo llegando factura mismas personas vivimos casa año evidencia incremento excesivo justificación cobro periodo mayo junio requiero favor revisado,,2
reclamo,cobro multiple y/o acumulado,necesito favor regalen solución tarifas últimos recibos llamar línea chec dan información día hoy así saldo bien mes mayo llega dos meses solo debiendo,,2
reclamo,inconformidad con el consumo o produccion facturad,consumo ultimos dos periodos alto solicito revision visita muchas gracias,,2
reclamo,inconformidad con el consumo o produccion facturad,buenas tardes dirijo ustedes fin presentar inconformidad incremento energía pesar cuarentena sido cumplida solicito revisión posible,,2
reclamo,inconformidad con el consumo o produccion facturad,mes pasado cancele factura dos meses llega monto excesivo solo acá siempre mil máximo casa habitamos personas radicado,,2
reclamo,inconformidad con el consumo o produccion facturad,insatisfacción alto cobro servicio energía vivienda viven solo personas hornillas duchas calientes hornos noches pocas veces encienden bombillos,,2
reclamo,cobros por promedio,solicita visita técnica predio matrícula descrita debido presentó alto consumo mes presentado actividades ameriten oficinas área serviciudad dosquebradas quedo atenta respuesta,,2
reclamo,inconformidad con el consumo o produccion facturad,mes diciembre cobro factura ofrecía aceptable empero partir enero empezó subir duplicarse pago motivo alguno pasando tendencia cada inaudito parece pues razón valida,,2
reclamo,inconformidad con el consumo o produccion facturad,fredy alonso diaz muñoz calidad arrendatario casa ubicada carrera barrio magdalena exijo lectura exacta tomaron empleados chec generar recibo energía nuevamente revisión cobro correspondiente periodo,,2
reclamo,inconformidad con el consumo o produccion facturad,día hoy recibimos factura comprendemos estrato jamas llegado tan elevado necesitamos favor pronto solución ustedes saben pasando pandemia abusen,,2
reclamo,inconformidad con el consumo o produccion facturad,buenas noches pqr motivo vivienda encuentra desocupada mes diciembre año alza factura dos últimos meses sido doble encuentro ciudad motivos familiares solo uso nevera aumento,,2
reclamo,inconformidad con el consumo o produccion facturad,inconsistencias cobro ultimas facturas ahorrado,,2
reclamo,inconformidad con el consumo o produccion facturad,reclamo recibo excesivo costo servicio caso veo afectado incremento tan exagerado mas usualmente pagaba,,2
reclamo,inconformidad con el consumo o produccion facturad,dirijo ustedes respetuosamente solicitarle revisar consumos servicio energía mes febrero marzo factura llegó elevado canceló normalmente consumo adjunto recibo correspondiente copia abril dos meses muchas gracias atención prestada quedo atenta pronta respuesta leer,,2
reclamo,inconformidad con el consumo o produccion facturad,mes pasado llegó consumo siguen cobrándome mas caro desviación significativa cobros ilógicos leer oficio,,2
reclamo,inconformidad con el consumo o produccion facturad,fin informar alza recibo mes sabiendo mismo consumo vivimos mismas personas vivienda inconformidad,,2
reclamo,inconformidad con el consumo o produccion facturad,dirijo ustedes sirvan revisar medición consumo domicilio ubicado calle brr andes mes febrero nadie viviendo alla cada venido realizando pago notar ninguna rebaja factura mensual ajustar favo,,2
reclamo,inconformidad con el consumo o produccion facturad,reclamo excesivo costo pago luz venido incrementando hace meses atrás parece abuso seguimos viviendo mismas personas ahora pandemia prohibido ustedes aumentarán valps inconforme sucedido,,2
reclamo,inconformidad con el consumo o produccion facturad,altibajos constantes energía incremento pesos kwh exagerado comparado año anterior,,2
reclamo,inconformidad con el consumo o produccion facturad,presente manifestar inconformidad alto cobro factura llego llevamos tres meses vivienda vemos facturas siempre llegan consumo solo habitamos personas adultas menor edad,,2
reclamo,inconformidad con el consumo o produccion facturad,hace mas tres anos inmueble vendió pacifico construir vía demolió desconecto servicio energía dio aviso chec arauca caldas luego pagar ultima factura llegando cargo debido,,2
reclamo,inconformidad con el consumo o produccion facturad,derecho peticion revision tarifas cambio clase servicio devolucion cobro exceso tarifa alumbrado público,,2
reclamo,cobro de otros bienes o servicios en la factura,facturación junio cobra doble servicio exequial alumbrado documento equivalente agradezco pronta respuesta aclarar conformidad presento,,2
reclamo,inconformidad con el consumo o produccion facturad,entiendo factura sigue llegando mismo casa días meses anteriores raíz trabajo encuentro afuera solicito revisión contador reembolso dinero justo,,2
reclamo,inconformidad con el consumo o produccion facturad,s prq debido factura llego mes julio elevado nunca llegado así persona sola consumo casi energía parece justo mil pesos,,2
reclamo,cobro de cargos relacionados con el servicio publi,solicitado varias oportunidades aplicación pagos realizados regional viejo caldas oportunamente dado solución dos pendientes aplicar matriculas adicionamente cobrando intereses mora,,2
reclamo,cobro de otros bienes o servicios en la factura,factura llega mes vemos estan cobrando arreglo todavia hecho pues predio sigue energia manera mas atento solito haga correcion aun enecuentra servicio,,2
reclamo,inconformidad con el consumo o produccion facturad,solicito reconsiderado cobrado factura toda vez local encuentra cerrado marzo presente año causa pandemia generada covid,,2
reclamo,inconformidad con el consumo o produccion facturad,requiero revisión lectura contador toda vez historial lecturas demuestran consumo energía presenta secuencia parecida aceptable incrementado viven mismas dos personas mínimo electrodomésticos,,2
reclamo,inconformidad con el consumo o produccion facturad,reclamo pagina web consumo ultimos meses segun valido usuario,,2
reclamo,inconformidad con el consumo o produccion facturad,solicito revision alto costo servicios energia meses atras consumo exajerado vivienda estrato,,2
reclamo,pago sin abono a cuenta,cordialmente solicitamos verificadas ordenes pago anexos debido ultima factura generada ustedes aun vemos reflejados pagos cuales ser abonados momento presentando saldo mora adjunto docs,,2
reclamo,inconformidad con el consumo o produccion facturad,incremento sorpresivo período facturación mayo junio manejamos promedio sido ultimo llego injustificable consumo tan alto vivimos mismos rutina normal meses anteriores lectura actual equivocada mal tomada pido revisión técnico acepto ingresaron acciones corresponder,,2
reclamo,cobro de otros bienes o servicios en la factura,programa financiación social sido ahora debe rebajar liquidado pagar capital interés solicito corregir cobrado última factura cobraron consumos mayo junio,,2
reclamo,inconformidad con el consumo o produccion facturad,casa campestre motivo pandemia sola factura vio reflejada sta situación solicitó favor revisar venza pagos,,2
reclamo,estrato incorrecto,favor devolver valores pagados recaudados estratificación tenerlo cuenta pagos futuros revisar documento adjunto,,2
reclamo,subsidios y contribuciones,llego factura descuento subsidio consiguiente doble anterior quiere envíen correo,,2
reclamo,inconformidad con el consumo o produccion facturad,cobro excesivo precio factura,,2
reclamo,inconformidad con el consumo o produccion facturad,barrio estrato recibo llega subido demasiado solo aquí vivo demás casas bajito parece justo tres personas gracias atención,,2
reclamo,inconformidad con el consumo o produccion facturad,consumo parece alterado pues delito volver cobrar pago cobra promedio febrero consumió inmueble reparación desocupado marzo facturaron absurda mente cosa imposible abril seguía marcaron solicito reintegre,,2
reclamo,inconformidad con el consumo o produccion facturad,presente solicitud informar mes pasado luz subió mil pesos subio solo pagaba consumo propiedad vivimos dos personas cuales salimos trabajar siete mañana volvemos noche parece abuso parte ustedes incrementos facturas,,2
reclamo,pago sin abono a cuenta,factura mes julio refleja deuda resulta dos meses cancelados vía pse adjunto extracto banco anteriormente mencionados captura pantalla cuenta chec valores facturas,,2
reclamo,inconformidad con el consumo o produccion facturad,ciudadano residente ciudad manizales inquilino vivienda ubicada cra num interponga derecho reclamo facturación publicidad engañosa visualiza factura anterior descuento nueva nose radicado telf email rdom gmail com,,2
reclamo,cobro multiple y/o acumulado,requiero favor explicación corresponden cargos aparecen saldo anterior alumbrado publico conceptos chec mes cancelo factura completamente,,2
reclamo,cobro multiple y/o acumulado,requiero favor aclarar corresponde saldo anterior alumbrado publico conceptos chec factura pago completamente gracias,,2
reclamo,inconformidad con el consumo o produccion facturad,gloria serna ballesteros celular observaciones dirijo ustedes gran inconformidad aumento echo recibo energía zona rural parece descaradamente alta costo pusieron dos últimos meses mes consumido periodo comprendido abril junio,,2
reclamo,inconformidad con el consumo o produccion facturad,derecho peticion revision tarifas cambio clase servicio devolucion cobro exceso tarifa alumbrado público,,2
reclamo,inconformidad con el consumo o produccion facturad,usuaria solicita urgente revisión factura corresponde consumo real llego veo facturando promedio últimos meses mas días mes noviembre cambie contador devolver saldo favor periodo,,2
reclamo,inconformidad con el consumo o produccion facturad,subió demasiado según fra incremento consideró consumo diferente siempre agradezco atención pronta colaboración quedo atenta,,2
reclamo,inconformidad con el consumo o produccion facturad,dirijo ustedes factura presenta anomalía cobro enero medidor tenia consumo kwh total costo alto estrato bajo lectura actual ultima,,2
reclamo,inconformidad con el consumo o produccion facturad,buenas tardes finca tomada arriendo mes noviembre llega factura pago incremento ningún cambio corrido año mas pandemia solo persona,,2
reclamo,inconformidad con el consumo o produccion facturad,deseo presentar incorformidad debido aumentos factura chec asume pandemia permanece mas gente hogar consumiendo acuerdo caso requiero favor hagan revisión descaro facturas cancelo,,2
reclamo,inconformidad con el consumo o produccion facturad,adjunta derecho peticion resumen indica incremento facturas periodos marzo desproporcionado,,2
reclamo,inconformidad con el consumo o produccion facturad,buenos días motivo solicitud incremento costo factura energía momentos difíciles servicio particular solo aunque precavidos generar mayor consumo solicito descuento cuento dinero pagar,,2
reclamo,inconformidad con el consumo o produccion facturad,solicito revisión cobro cuenta relacionada razón incremento consumo dirección sólo viven dos personas mayores cambios hábitos cuarentena,,2
reclamo,inconformidad con el consumo o produccion facturad,reclamo factura expedida cuenta toda vez pesar vivienda encuentra desocupada llegó consumo revisando medidor observa lectura actual corresponde mismo registro anterior indica error,,2
reclamo,inconformidad con el consumo o produccion facturad,requiero revisión subió consumo necesito reembolso,,2
reclamo,inconformidad con el consumo o produccion facturad,consumo incremento causa últimos dos periodos creo promediando solicito revisión medidor opaco tomaron mal lectura,,2
reclamo,inconformidad con el consumo o produccion facturad,informo cada vez consumo llega mas alto dos adultos bebe aca incrementado numero personas adulto encuentra laborando necesito porfavor revisen incremento quedo atenta respuesta,,2
reclamo,inconformidad con el consumo o produccion facturad,marina prieto guzmán cel queremos solicitar ustedes verificación consumo kilovatios pues lógico incrementado meses pandemia niveles viene realizando mes marzo consumos promedio partir abril creció periodo comprendido,,2
reclamo,inconformidad con el consumo o produccion facturad,venido presentando sobrecosto injustificado factura estilo vida sido misma despues pandemia dos personas pensionadas,,2
reclamo,inconformidad con el consumo o produccion facturad,buenas noches quisiera saber motivo aumento exagerado costo últimas facturas última llegó igual anterior aumentos mil pesos parecen errores lectura medidor solicito revisión pues éstos nunca presentado,,2
reclamo,inconformidad con el consumo o produccion facturad,observaciones detalle queja incrementos exagerados meses facturados justificación toda vez solamente habitamos tres personas inmueble dos cuales pensionados dedicados lectura artefactos eléctricos esenciales gracias,,2
reclamo,inconformidad con el consumo o produccion facturad,periodo febrero marzo abril cobros incremento justificacion cobro mora solicito revicion facturacion medidas contador,,2
reclamo,inconformidad con el consumo o produccion facturad,solicito visita verificar consumo sitio solo marzo factura sigue llegando mismo adjunta mes junio,,2
reclamo,inconformidad con el consumo o produccion facturad,medio presente interpongo queja exijo explicación incremento factura energía subsanacion mismas vivimos dos personas casa duplico meses mayo junio,,2
reclamo,pago sin abono a cuenta,recibí factura abr may alta realizaron visita control verificar consumos mientras definía error expidieron cupón pago promedio pague jun contabilizan consumo anterior descuentan solicito expida nueva vea descontado hice,,2
reclamo,inconformidad con el consumo o produccion facturad,siguiente fin solicitarles revisado contador energía presenta inconsistencia lectura cobro trata local comercial cerrado marzo muchas gracias pronta respuesta,,2
reclamo,inconformidad con el consumo o produccion facturad,debido excesivo cobro servicio publico prestado ustedes monto derecho peticion anexos envío hechos copias facturas noticias generales chec desacuerdo usuarios gobernantes,,2
reclamo,inconformidad con el consumo o produccion facturad,medio solicita revisado contador local presenta muchas inconsciencias debido casino cerrado publico marzo motivo ningún tipo consumo vayan revisar avisen favor,,2
reclamo,inconformidad con el consumo o produccion facturad,solicito revisión cobro período pesar encontrarnos enla ciudad factura subio manera exagerada,,2
reclamo,solicitud de rompimiento de solidaridad,derecho petición relacionado problemas pago servicio energía parte arrendataria ubicada carrera apartamento edificio halcones barrio sancancio ciudad manizales,,2
reclamo,inconformidad con el consumo o produccion facturad,consumo excesivo solicito revision,,2
reclamo,inconformidad con el consumo o produccion facturad,marzo hogar desocupado finca mayo pandemia quieren cobrar monto luz corresponde pido revise factura revisaron informaron saben dicho consumo,,2
reclamo,inconformidad con el consumo o produccion facturad,solicito revision lectura debido predio hace meses encuentra ninguna persona desconectado razon consumo deberia ser casi igual primer trimestre año encontraba habitado inmueble,,2
reclamo,inconformidad con el consumo o produccion facturad,solicito informen razón incrementó factura servicio energía abr may jun menos aún entendemos dicho incremento dado lavadora mes abril dia hoy,,2
reclamo,inconformidad con el consumo o produccion facturad,traslado competencia superintendencia servicios públicos domiciliarios radicada bajo número presentada señor jeferzzon sebastián manifiesta inconformidad cobros tan excesivos año periodos feb mar abr may jun dice parece injusto pagar tres valores alto normalmente pagaban solicita revisen contador servicio así mismo realice respectivo descuento alzas autoriza notificación correo electrónico henaojeferzzon gmail com,,2
reclamo,inconformidad con el consumo o produccion facturad,solicito favor expliquen razón total factura periodo mayo junio muchas gracias,,2
reclamo,inconformidad con el consumo o produccion facturad,cambiado hábitos consumo vivo sola hace meses pase pagar estrato,,2
reclamo,inconformidad con el consumo o produccion facturad,mauricio restrepo garcía celular solicito informen incremento factura periodo mayo junio parece exagerado revisen,,2
reclamo,pago sin abono a cuenta,última factura aparece debo pagar total mes deuda último pago may embargo realicé pse día junio reflejado ultima favor corregir inconsistencia,,2
reclamo,inconformidad con el consumo o produccion facturad,buenos días solicitud costo factura llegando cara pase pagar mil pesos dificil pago subio quisiera solicitar manera mas respetuosa revisar contador saber puede sucediendo radicado mercurio,,2
reclamo,inconformidad con el consumo o produccion facturad,solicitamos revisión siguientes facturas energía factura junio solicito qsiempre venido pagando siempre,,2
reclamo,inconformidad con el consumo o produccion facturad,buenas tardes inquietud llevo viviendo predio años promedio pago mensual mil sucedió mes llego gracias atención,,2
reclamo,inconformidad con el consumo o produccion facturad,inconformidad aumento costo recibo,,2
reclamo,inconformidad con el consumo o produccion facturad,buenos dias pra presentar peticion reclamo frente cobro factura meses anteriores promedio mil favor verificar saldo justifica decir enviar funcionario tomar registro,,2
reclamo,cobro de otros bienes o servicios en la factura,derecho petición incumplimiento negociación instalación transformador suministro energía conjunto residencial portales nit,,2
reclamo,inconformidad con el consumo o produccion facturad,observaciones inconforme consumo factura ultimo periodo exagerado consumimos,,2
reclamo,inconformidad con el consumo o produccion facturad,quiero expresar inconformidad facturación debido vivienda desocupada febrero principios mes junio entonces posible incrementado sola cada mar abr habitada dic enero telf radicado,,2
reclamo,inconformidad con el consumo o produccion facturad,bertha lucia celular observaciones buenos días acabo recibir factura veo cobraron error lectura figura momento contador junio solicito favor hacer revisión generar nueva pagar,,2
reclamo,inconformidad con el consumo o produccion facturad,alza factura explicación solo dos personas cambios hogar siquiera nuevos electrodomésticos inquilinos seguimos misma dinámica debido subida puedo pagar,,2
reclamo,inconformidad con el consumo o produccion facturad,conforme ultima factura llego mayo junio parecen cobros excesivos solicito visiten revisen caso,,2
reclamo,inconformidad con el consumo o produccion facturad,acuerdo factura mayo junio presenta incremento exagerado solicito visiten realice revisiones pertinentes,,2
reclamo,inconformidad con el consumo o produccion facturad,mes marzo inició confinamiento obligatorio efecto covid entonces oficina cerrada junio forma sorpresiva noto período facturado abril real revisar,,2
reclamo,inconformidad con el consumo o produccion facturad,luz nelly loaiza rivera celular quiero hacer reclamo encuentro inconforme facturas siempre llegado meses parece justo coherente consumo mismo periodos,,2
reclamo,inconformidad con el consumo o produccion facturad,inconforme facturación mayo junio incremento consumo sido siempre menor,,2
reclamo,inconformidad con el consumo o produccion facturad,manera solicito revisado contador energía inconsistencia cobro puesto trata local encuentra cerrado marzo generando ningún consumo muchas gracias,,2
reclamo,inconformidad con el consumo o produccion facturad,sobrecostos facturas servicio público electricidad,,2
reclamo,cobro de cargos relacionados con el servicio publi,reemplaza proceso cuenta padre realizó cobro aporte voluntario covid cuentas hijas empresa hace favor apoyo devolución dinero gracias,,2
reclamo,inconformidad con el consumo o produccion facturad,buenas tardes factura may jun llego evidencia consumo normal vivienda solicito informe alto costo considero haber consumido pues solo viven,,2
reclamo,inconformidad con el consumo o produccion facturad,derecho petición revisión reajuste consumo energía factura mes mayo adjunta carta,,2
reclamo,inconformidad con el consumo o produccion facturad,entiendo sigue subiendo servicio dos personas labores diarias mismas siempre ahora existe subsidio aplican factura quedar cuál razón,,2
reclamo,inconformidad con el consumo o produccion facturad,medio siguiente solicito revisado contador energía nota inconsistencia consumo,,2
reclamo,inconformidad con el consumo o produccion facturad,derecho peticion revision tarifas cambio clase servicio devolucion cobro exceso tarifa alumbrado público,,2
reclamo,inconformidad con el consumo o produccion facturad,derecho peticion revision tarifas cambio clase servicio devolucion cobro exceso tarifa alumbrado público,,2
reclamo,inconformidad con el consumo o produccion facturad,excesivo incremento facturas meses servicio mar abr may pesar vivimos tres personas adultas hijos estudiando virtual tampoco tele trabajo pagado mismas puntualmente obtenido descuento prometió gobierno nacional tal puntualidad,,2
reclamo,inconformidad con el consumo o produccion facturad,derecho peticion revision tarifas cambio clase servicio devolucion cobro exceso tarifa alumbrado público,,2
reclamo,inconformidad con el consumo o produccion facturad,incremento factura mas mes junio respecto abril pese consumo kilovatios menor,,2
reclamo,inconformidad con el consumo o produccion facturad,solicito revisión sitio consumo cerramos mes marzo mismo adjunta factura,,2
reclamo,inconformidad con el consumo o produccion facturad,inconforme altos consumos periodos febrero junio pueden llamar horas mañana resto día,,2
reclamo,inconformidad con el consumo o produccion facturad,ultimos meses presentado incremento cobro servicio parte ustedes colocado quejas respuesta bien inaudito plena crisis estrato esten robando manera pagaba consumo ahora,,2
reclamo,inconformidad con el consumo o produccion facturad,quiero manifestar acuerdo incrementos servicio casi aumento solicito favor colaboración,,2
reclamo,inconformidad con el consumo o produccion facturad,base art constitución favor dar respuesta clara precisa solicitud adjunta archivo gracias,,2
reclamo,inconformidad con el consumo o produccion facturad,inicio cuarentena apartamento quedo desocupado aún así consumo meses sido inconsistente factura ningún electrodoméstico murciélago solo nevera solicito explicación ítem total energía consolidado facturado,,2
reclamo,inconformidad con el consumo o produccion facturad,paula andrea trejos yepes cel observaciones solicitud revisión costo factura dos últimos meses prácticamente duplicado cobro cuenta pagando normalmente usando servicios extras pandemia seguimos labores empresas periodo comprendido,,2
reclamo,inconformidad con el consumo o produccion facturad,factura mes junio presenta saldo favor presentaron consumos estimados entendemos motivo anterior lectura coincide registrada agradecemos validar,,2
reclamo,inconformidad con el consumo o produccion facturad,solicito revisen promedio consumo expliquen base valores llegan facturado dos últimas facturas ustedes emitidas gracias,,2
reclamo,inconformidad con el consumo o produccion facturad,solicito revisar medidor lugar primera revisión concluyó funcionando normalidad envían dos facturas consumo mayo junio debería pasar puesto sitio desocupado marzo electrodomésticos conectados,,2
reclamo,cobro de cargos relacionados con el servicio publi,aterrado empresa obligando personas pagar total factura aporte realiza plataforma daba oportunidad escoger pago ahora obligan realizar oficinas,,2
reclamo,inconformidad con el consumo o produccion facturad,buenas tardes queja subida tan berraca factura luz siempre casa ecepto trabajo nunca pasado cobraran mil pesos llegaba,,2
reclamo,inconformidad con el consumo o produccion facturad,quisiera saber incrementó factura imposible viviendo casa mismo número personas hace meses,,2
reclamo,pago sin abono a cuenta,buenas noches cobrando factura cancele adjunto envió pago momento realice doble mora adjunta soporte,,2
reclamo,inconformidad con el consumo o produccion facturad,pagaba mensual promedio mucha plata vivo hijos plancho pongo musica ahora empeoro subio mayo junio diferente niño pequeño casa utiliza clases tablet conecta energia,,2
reclamo,inconformidad con el consumo o produccion facturad,incremento exagerado factura periodos arrojando diferencia pesos confirmo usuario telefonicamente correo gamoro hotmail com,,2
reclamo,inconformidad con el consumo o produccion facturad,energía llegando costosa pesar vivo solo mantengo apartamento segundo pago linea obligando pagar aporte quiero hacer voluntario sistema permite creo abuso cobren obligatorio,,2
reclamo,inconformidad con el consumo o produccion facturad,usuario solicita revisión pues conforme facturas periodo mayo junio considera mismos mismo consumo incrementara autoriza respuesta correo electrónico marlonstick hotmail com,,2
reclamo,inconformidad con el consumo o produccion facturad,solicitud revisión cobro factura llego alto tabla consumos coincide anterior pagos día espero prudente respuesta gracias adjunto escanner pdf,,2
reclamo,inconformidad con el consumo o produccion facturad,manera atenta solicito revisión técnica contador energía eléctrica cuenta período comprendido mayo junio presente año registrado supera consumo promedio,,2
reclamo,inconformidad con el consumo o produccion facturad,cobro injustificado junio promedio cobros,,2
reclamo,inconformidad con el consumo o produccion facturad,quisiera saber dado aumento excesivo factura luz cómo haciendo medida calcular supondría mes debía estabilizar cobro siguió aumentando,,2
reclamo,inconformidad con el consumo o produccion facturad,reclamar alto factura solo mes segundo diferido aparece anterior actual solicitado ninguna financiación,,2
reclamo,inconformidad con el consumo o produccion facturad,solicito aclare cobros respectivos inicio pandemia cobro consumo servicio eléctrico mil pesos incremento esperaba mes normalizara puesto uso energía tan elevado justificar,,2
reclamo,inconformidad con el consumo o produccion facturad,solicito revisión facturado mes mayo correspondiente consumo abril incremento alto soportes certifiquen dicho certificado lectura terreno amablemente solución muchas gracias adjunta foto factura,,2
reclamo,inconformidad con el consumo o produccion facturad,medo página web llega solicitud realice revisión pues conforme facturas abril consumo mayo registra local cerrado autoriza respuesta correo electrónico anahenao gmail com,,2
reclamo,inconformidad con el consumo o produccion facturad,factura llegó precio elevado incluso encima promedio anual mes lectura contador aparece mismo consumo pasado entonces entiendo lógica aumento,,2
reclamo,inconformidad con el consumo o produccion facturad,observaciones incrementado factura siguiente manera pago junio julio,,2
reclamo,cobro de cargos relacionados con el servicio publi,reemplaza proceso cuenta padre realizó cobro aporte voluntario covid cuentas hijas empresa hace favor apoyo devolución dinero gracias,,2
reclamo,cobro de cargos relacionados con el servicio publi,reemplaza proceso cuenta padre realizó cobro aporte voluntario covid cuentas hijas empresa hace favor apoyo devolución dinero,,2
reclamo,cobro de cargos relacionados con el servicio publi,reemplaza proceso cuenta padre realizó cobro aporte voluntario covid cuentas hijas empresa hace favor apoyo devolución dinero gracias,,2
reclamo,cobro de cargos relacionados con el servicio publi,reemplaza proceso cuenta padre realizó cobro aporte voluntario covid cuentas hijas empresa hace favor apoyo devolución dinero gracias,,2
reclamo,cobro de cargos relacionados con el servicio publi,observaciones solicito revisión factura junio cobro cuentas hijas cargaron aporte voluntario covid acuerdo hacer favor apoyo devolución dinero gracias,,2
reclamo,cobro de cargos relacionados con el servicio publi,reemplaza proceso cuenta padre realizó cobro aporte voluntario covid cuentas hijas empresa hace favor apoyo devolución dinero gracias,,2
reclamo,inconformidad con el consumo o produccion facturad,representación centro comercial fundadores nit solicito revisión facturación servicio energía eléctrica prestado empresa toda vez análisis últimas facturas encontramos deben variaciones consumo tres meses adjunto oficio,,2
reclamo,inconformidad con el consumo o produccion facturad,solicitud aclaracion incremento factura junio respecto mes abril cuenta menor consumo kilovatios,,2
reclamo,cobro de cargos relacionados con el servicio publi,reemplaza proceso cuenta padre realizó cobro aporte voluntario covid cuentas hijas empresa hace favor apoyo devolución dinero gracias,,2
reclamo,subsidios y contribuciones,efectuando cobro contribución solicita retirada igualmente reintegro valores cobrados misma respuestas remitirlas nombre fabián andrés henao,,2
reclamo,inconformidad con el consumo o produccion facturad,peticionaria inocnforme consumo registrado enero marzo mayo julio periodo objeto reclamo recurso,,2
reclamo,pago sin abono a cuenta,buenas tardes pago recibos hecho oportunamente sigue llegando deudas anteriores adjunto relación meses,,2
reclamo,inconformidad con el consumo o produccion facturad,solicitar explicación cobro paso ser hizo pago proceso queja,,2
reclamo,inconformidad con el consumo o produccion facturad,factura presenta incremento exagerado marzo abril venimos mismo comportamiento consumo,,2
reclamo,inconformidad con el consumo o produccion facturad,observaciones buenas noches necesito revisión factura energía vivo apto solo conmigo tres personas siempre incremento exagerado así febrero junio solicito revison mil gracias quedo espera gracia,,2
reclamo,pago sin abono a cuenta,buenos días requiero conocer último período facturado cobra dos veces alumbrado público aparece debo servicio electricidad pagado factura anterior ello así quiera pagué medio virtual según pruebo anexo,,2
reclamo,inconformidad con el consumo o produccion facturad,quiero saber aumento promedio ahora incremento factura aprox,,2
reclamo,inconformidad con el consumo o produccion facturad,usuario reclama cobros excesivos facturación solicita devolver mayores valores facturados cobrarse clase servicio provisional,,2
reclamo,inconformidad con el consumo o produccion facturad,numero kmh cobrados coincide consumidos,,2
reclamo,inconformidad con el consumo o produccion facturad,nuevamente llega factura cobro errado segun registro lectura consumimos kwh estan cobrando favor solicito solucion inmediata dos facturas erradas muchas gracias,,2
reclamo,inconformidad con el consumo o produccion facturad,solicito revisión consumo energía ultimo mes servicio incremento artefactos tecnológicos requieren siguen siendo mismos uso similar últimos meses,,2
reclamo,inconformidad con el consumo o produccion facturad,usuaria reclama consumo mayo junio pagina web medio presente documento permito solicitar den respuesta valida respecto servicio energía residencia incremento mes juicio exagerado vea causal mismo,,2
reclamo,pago sin abono a cuenta,usuario solicita corregir factura dos meses mora pues entidad sena día pagos adjunta soporte,,2
reclamo,inconformidad con el consumo o produccion facturad,reclamo alto costo factura llevó años viviendo acá verdad cada vez incrementa aún momentos tan difíciles muchas gracias espero puedan ayudarme,,2
reclamo,inconformidad con el consumo o produccion facturad,inconformidad consumo últimos dos periodos empresa quebró cerrada marzo personal favor llamar coordinar visita predio solo,,2
reclamo,inconformidad con el consumo o produccion facturad,cobro excesivo factura correspondiente adjunta foto,,2
reclamo,cobro de cargos relacionados con el servicio publi,reemplaza proceso cuenta padre realizó cobro aporte voluntario covid cuentas hijas empresa hace favor apoyo devolución dinero,,2
reclamo,cobro de cargos relacionados con el servicio publi,usuario solicita retiro aporte voluntario,,2
reclamo,inconformidad con el consumo o produccion facturad,día mayo realicé requerimiento cuya respuesta argumentos soportes válidos explicar desfase facturación factura sigue llegando desviaciones significativas promedios traía adjunto nuevo reclamo jun formato pdf adjunta,,2
reclamo,inconformidad con el consumo o produccion facturad,inconforme cobrado factura periodo febrero abril hace exagerado cobro solicito revision respuesta,,2
reclamo,inconformidad con el consumo o produccion facturad,últimos meses consumo viene incrementando ninguna razón vivimos mismas personas ningún cambio interno solicito revisión consumos necesario medidor,,2
reclamo,inconformidad con el consumo o produccion facturad,inconforme cobro factura últimos periodos sabiendo predio solo pueden llamar hacerme revisión completa saber consumo tan elevado agendarme visita debido,,2
reclamo,inconformidad con el consumo o produccion facturad,respetuosamente solicito revisión medidor facturación periodo excesivo alto precio comparación meses anteriores siendo ajustado realidad,,2
reclamo,inconformidad con el consumo o produccion facturad,necesito revisión técnica contador anomalías consumo pues encuentra elevado,,2
reclamo,cobro de cargos relacionados con el servicio publi,deseo pagar aporte voluntario cada mes quiero aparezca factura haga devolución próxima facturación necesito envíen cobro saldo cancelar diferido meses gracias,,2
reclamo,inconformidad con el consumo o produccion facturad,correo electrónico diego rios gmail com usuario solicita información incremento tarifario consumo vario considerablemente,,2
reclamo,clase de uso incorrecto,aparece comercial siendo realidad vivienda familiar,,2
reclamo,inconformidad con el consumo o produccion facturad,presente solicitar revisión consumo hace meses incrementando justificación alguna solo vivimos personas mas años mayor parte tiempo casa encuentra sola trabajamos pedimos favor revise caso,,2
reclamo,inconformidad con el consumo o produccion facturad,quisiera saber siguen cobrando promedio gobierno anunciado empezo pandemia debe cobrar consumo real casa habitada enero,,2
reclamo,inconformidad con el consumo o produccion facturad,parece ilógico falta respeto cobrando facturas tan altas mayo junio solo persona enero vivía hermana dos sobrinos pagaba quiero respuestas subió meses recibo exagerado,,2
reclamo,inconformidad con el consumo o produccion facturad,buenas tardes solicito favor realicen precisa revisión contador factura incrementado vivo solo apto eventualmente recibo visitas parece aumento pagando emergencia covid subió diferencia mucha,,2
reclamo,inconformidad con el consumo o produccion facturad,inconformidad consumo meses marzo casa inició cuarentena habitada entiendo factura sigue llegando valores necesito revisen,,2
reclamo,inconformidad con el consumo o produccion facturad,llevamos viviendo éste predio mes marzo facturas llegando mismo promedio consumo demasiado alto parece coherente pues hace meses solo mantiene personas conviven hogar aún así sigue,,2
reclamo,inconformidad con el consumo o produccion facturad,aumento cobro energia anteriormente cancelaba proximadamente mes pasado subio mayo junio aunque entiendo suba tema pandemia tiempo casa quiero aclarar justificable aumente doble,,2
reclamo,cobro de cargos relacionados con el servicio publi,revisando factura correspondiente corte mayo junio encuentro realizando cobro pesos alumbrado publico indicando meses pendientes pagar razón ser pues pagado puntualmente,,2
reclamo,inconformidad con el consumo o produccion facturad,incremento injustificado,,2
reclamo,cobro de cargos relacionados con el servicio publi,saldo favor cobro energía cobrando aporte voluntario autorizado descuente factura plazo pago agosto autorizo igual forma solicito devuelvan,,2
reclamo,inconformidad con el consumo o produccion facturad,cobro exagerado mes mayo cancele llega día nunca vivo sola parece abuso igual manera informo hace aproximadamente técnico realizar revisión reclamo hice obtener resultado labor solicitó respetuosa respuesta cancelar factura después forma devuelvan excedentes,,2
reclamo,inconformidad con el consumo o produccion facturad,requiero urgencia revisión consumo energía llega cobro exagerado mes junio cuenta laborando horarios normales duplico mas casa,,2
reclamo,inconformidad con el consumo o produccion facturad,atento saludo comedidamente solicito verifique lectura contador incremento parece desbordado consumo promedio hogar requiero cada vez tome dejen constancia porteria conjunto derecho,,2
reclamo,inconformidad con el consumo o produccion facturad,buenos días manera atenta respetuosa dirijo ustedes fin expresar inconformidad subió doble ultima factura desconozco motivo familia electrodomésticos mismo comportamiento verifique eléctrico novedad,,2
reclamo,inconformidad con el consumo o produccion facturad,inconforme incremento factura periodo mayo junio apto,,2
reclamo,inconformidad con el consumo o produccion facturad,cordialmente solicito revisión consumos vivienda debido comparto cifras registran consumo radicado,,2
reclamo,inconformidad con el consumo o produccion facturad,señores chec buenas noches amablemente solicito colaboración realizar valoración consumo energía hogar considero elevado comparación vecinos mismo sector igual estrato muchas gracias atención quedo atento,,2
reclamo,inconformidad con el consumo o produccion facturad,requiero expliquen factura periodo mayo junio realizan cobro cuota energía parte deuda consumo,,2
reclamo,inconformidad con el consumo o produccion facturad,favor revisar consumos energía inversiones avícola santágueda ubicado vereda patria risaralda caldas llega cobros excesivos además aún llegando servicio provisional debe ser definitivo entregó documentación chec lado derecho exoneración contribución nit,,2
reclamo,inconformidad con el consumo o produccion facturad,reclamando cobro energía reactiva predio consumo octubre gracias,,2
reclamo,inconformidad con el consumo o produccion facturad,solicito revisión completa contador predio últimamente llegando cuenta exagerada consumo explico menos cambios casa muchas gracias,,2
reclamo,inconformidad con el consumo o produccion facturad,conforme consumo registrado ultima factura debido viene pagando promedio similar necesito revisión medidor,,2
reclamo,inconformidad con el consumo o produccion facturad,factura mes mayo junio registro superior promedio pagado normalmente razón alguna pues continúan viviendo mismas personas permanecen hogar trabajaban día consumo pudo haber incrementado,,2
reclamo,inconformidad con el consumo o produccion facturad,requerimos revision alto consumo energía finca corraleja hace mas meses restaurante estan cerradas publico sigue igual veces,,2
reclamo,inconformidad con el consumo o produccion facturad,radicado ultimo servicio facturado refleja notable aumento consumo bien venia facturándose promedio mes facturaron cambiar condiciones habitación inmueble siguen mismas personas mismos electrodomésticos agradezco colaboración,,2
reclamo,inconformidad con el consumo o produccion facturad,respetuosamente permito dirigirme usted fin solicitar realice visita residencia propósito verificar llegando servicio energía tan elevado mes julio llego factura gracias,,2
reclamo,inconformidad con el consumo o produccion facturad,sucede inicio aislamiento viviendo finca afueras pereira entendemos razón factura llegando tan costosa siquiera encienden electrodomesticos luces nadie vive alli,,2
reclamo,inconformidad con el consumo o produccion facturad,comunicarles inconformidad servicio numero cuenta pasa nunca llegado tan caro mes pasaba pesos llego primer piso encuentra supermercado varios congeladores menos factura sabiendo comercial llevo viviendo acá mas cuatro años pasada necesitamos solución chec,,2
reclamo,inconformidad con el consumo o produccion facturad,solicitud revision factura energia presenta elevacion total pagar aproximadamente cmparacion historico pagos efectuados registro consumo corresponce uso hogar representa irregularidad,,2
reclamo,subsidios y contribuciones,apliquen subsidio correspondiente estrato reintegren pague mas todas facturas año pasado aplicado forma correcta,,2
reclamo,inconformidad con el consumo o produccion facturad,alto consumo periodo comprendido mayo junio toda vez instalaciones solo personal vigilancia dos veces semana señora aseo funcionarios estudiante ingresan universidad,,2
reclamo,inconformidad con el consumo o produccion facturad,recibo llegando alto luz favor pido rebaje gracias,,2
reclamo,pago sin abono a cuenta,buenas tardes presento derecho petición ciudadano colombiano según constitución leyes dado vulnerando derechos siguiente día junio año curso realice pago pse correspondiente total factura periodo marzo abril ayo aclaro dos pagos pedí refinanciacion favor verifique aplique afecta economía,,2
reclamo,inconformidad con el consumo o produccion facturad,lectura actual llegó última factura consumo alto promedio razón revise contador muestra doy cuenta coinciden,,2
reclamo,tarifa incorrecta,factura mayo junio llego dice consumo kwh estrato pertenecemos veo liquidada asi estan todas facturas meses anteriores,,2
reclamo,tarifa incorrecta,favor realizar verificación tarifa liquidan recibos energia factura dice claramente pertenezco estrato pido reliquidacion facturas pendientes saber verdadero deuda,,2
reclamo,inconformidad con el consumo o produccion facturad,usuario inconforme consumo periodos adjunto oficio,,2
reclamo,inconformidad con el consumo o produccion facturad,usuario manifiesta inconformismo periodo facturado dice descuento pago adelantado meses anteriores llego factura cara,,2
reclamo,subsidios y contribuciones,traslado sspd cleinteinidca sta teniendoun mala aplicación subsidios servicio ubicacion municipio virginia risaralda,,2
reclamo,inconformidad con el consumo o produccion facturad,solicitud cliente página web sucede hace meses visto preocupación factura energía aumentado exponencialmente carta adjuntos,,2
reclamo,inconformidad con el consumo o produccion facturad,solicitud página web favor revisar factura incremento,,2
reclamo,inconformidad con el consumo o produccion facturad,cobro exagerado servicio público,,2
reclamo,inconformidad con el consumo o produccion facturad,favor revisar cobro porqno coincide consumo real,,2
reclamo,inconformidad con el consumo o produccion facturad,buenos días pasa hace dos meses aca factura llegando doble ninguna razón hogar comunitario normalmente pagaba mil pesos ahora mas parece barbaridad recursos pagar,,2
reclamo,inconformidad con el consumo o produccion facturad,reclamación incremento desbordado factura luz documento pdf describo mejor situación solicita realizar revisión posterior ajuste real toda vez consumo modificado personas habitan vivienda razón justifican aumentos además desbordan capacidad pago,,2
reclamo,pago sin abono a cuenta,día julio cancele factura llegó nueva sale último pago realice marzo necesito expliquen pasa genere real,,2
reclamo,inconformidad con el consumo o produccion facturad,factura energía aumentó inicio pandemia permanecíamos casa día hace mas meses sólo allí noche puesto esposa trabajamos embargo llega mismo solicito vuelva cobro normal radicado,,2
reclamo,inconformidad con el consumo o produccion facturad,telf inconforme consumo ultimos meses debido casa permanece sola alto ducha micro hondas estufa luz radicado,,2
reclamo,inconformidad con el consumo o produccion facturad,requiere revisión predio luz incrementado,,2
reclamo,inconformidad con el consumo o produccion facturad,solicito favor revisado factura pesar días cuarentena consumo pagar elevado corresponde,,2
reclamo,inconformidad con el consumo o produccion facturad,buenos días respetuosamente solicito estudie caso ayuda ofrecida gobierno decreto presidencial habla costo sostendrá tiempo dure conmoción hoy pagando triple pagaba,,2
reclamo,inconformidad con el consumo o produccion facturad,observaciones buenos días respetuosamente solicito revicion contador residencia consumo triplico lugar resivir ayuda gobierno triplicaron costo factura estrato agradezco pronta,,2
reclamo,inconformidad con el consumo o produccion facturad,factura numero últimos dos meses subido mas sabiendas mismos electrodomesticos solicito revision contador método facturación,,2
reclamo,estrato incorrecto,solicito manera atenta hacer ajuste cobro tarifa incorrecta numero cuenta facturación cobrando estrato realizó actualización correspondiente adjunta factura mes curso,,2
reclamo,inconformidad con el consumo o produccion facturad,usuaria solicita revisión consumo periodo abril junio prorrateo hecho ajusta consumos reales causados inmueble medición correcta pues habitando manera regular embargo partir vacacionar personas provocó aumentara aporta escrito factura agua demuestra permaneció sólo parte ustedes facturan,,2
reclamo,inconformidad con el consumo o produccion facturad,solicito revisar consumos facturados ultimos tres meses cuenta hotel cerro operacion marzo tema pandemia vemos siguen generando cobros elevados quedo atento cualquier comentario graciasse debe solicitar insumos ingeomega,,2
reclamo,inconformidad con el consumo o produccion facturad,solicitud cliente página web buenas tardes señores chec necesito hacer reclamación alto consumo facturas marzo abril cuales incremento absurdo mayo desbordado solución disminución consumos error medio pagina verbal,,2
reclamo,inconformidad con el consumo o produccion facturad,consumo aumentado significativamente dos últimos periodos facturados cuenta adquirido electrodomésticos nuevos radicado,,2
reclamo,inconformidad con el consumo o produccion facturad,radicado inconforme factura periodo mayo junio incremento excesivo cobro además acuerdo congelado pagado todas facturas,,2
reclamo,inconformidad con el consumo o produccion facturad,buenas tardes pregunta debe incremento factura mes marzo cancelamos julio venimos pagando veo cambio continuamos vivienda casa mismas personas,,2
reclamo,inconformidad con el consumo o produccion facturad,inconforme cobro factura periodo mayo junio casa sola incremento consumo causa justa solicito revisión completa haber daño contador radicado,,2
reclamo,inconformidad con el consumo o produccion facturad,encuentro inconforme cobros facturados febrero ultima julio parece cobro exagerado requiero visiten revisen instalación,,2
reclamo,inconformidad con el consumo o produccion facturad,aterrado cobró exagerado vivimos personas todas trabajando última factura descaro solicito corrija,,2
reclamo,inconformidad con el consumo o produccion facturad,solicito revise recibo facturado mes suma permito anexar junio trasladé ciudad razones laborales dicha vivienda quedó viviendo madre sola consumo mínimo cobrando,,2
reclamo,inconformidad con el consumo o produccion facturad,alto costo mensual factura,,2
reclamo,inconformidad con el consumo o produccion facturad,alto costo mensual factura,,2
reclamo,cobro de cargos relacionados con el servicio publi,mes llegó factura promedio examiné descubrí cobraron dos veces alumbrado público pesar anterior pagado correctamente favor aclárenme equivocado,,2
reclamo,inconformidad con el consumo o produccion facturad,estimados señores solicito revisión consumo debido incremento excesivo últimos meses considero injustificado vivienda solo residen personas,,2
reclamo,inconformidad con el consumo o produccion facturad,carlos rivas cel verificar uso local comercial costo servicio sigue igual mes anterior empezó llegar mitad razonable doblete adicional mente pagina solo pago aporte sino deseo aportarlo casi obligatorio periodo,,2
reclamo,inconformidad con el consumo o produccion facturad,deseo realizar reclamo consumos tres últimos meses facturados duplicado consumo generado cambios dentro domicilio pasado kwh facturas marzo junio,,2
reclamo,pago sin abono a cuenta,factura mes julio adjunta aparece cobro alumbrado público saldo anterior doble quisiera dieran claridad motivo toda vez pasado realizó pago total misma soporte adj,,2
reclamo,inconformidad con el consumo o produccion facturad,inconforme consumo ultima factura hace tres meses quito nevera alto sigue llegando alta necesito revison completa,,2
reclamo,solicitud de rompimiento de solidaridad,derecho petición respecto facturación servicios públicos inmueble mora pago meses exoneración resto tiempo debido perdida solidaridad solicito pronunciamiento solicitado facturando solo dos diciembre febrero cuanto iniciar prohibición covid debían suspendidos,,2
reclamo,inconformidad con el consumo o produccion facturad,solicito revisión consumo energía varias ocasiones visto incrementado facturas ende pido respetuosamente solución fondo situación central hidroeléctrica caldas chec haga pertinente,,2
reclamo,inconformidad con el consumo o produccion facturad,usuario solicita revisión conforme facturas periodos junio solo habitan personas hacen uso racional servicio favor revisar medidor ajustar pagar ultima factura autoriza respuesta correo electrónico carlosjulianmr hotmail com,,2
reclamo,inconformidad con el consumo o produccion facturad,deseo haga revisión lectura contador presente mes casi duplicó promedio lecturas elevadas pesar pandemia hábitos consumos cambiado trabajadores salud gracias,,2
reclamo,cobro multiple y/o acumulado,factura presentando incremento alumbrado publico paso,,2
reclamo,inconformidad con el consumo o produccion facturad,usuario solicita revisión conforme factura periodo julio autoriza respuesta correo personeriapensilvania hotmail com,,2
reclamo,inconformidad con el consumo o produccion facturad,incremento factura mes octubre año pasado apartamento solo usa vez único funcionando luz nevera frost ventilador dia prende nunca debiera pagar mínimo favor revisar,,2
reclamo,inconformidad con el consumo o produccion facturad,pago arriendo apartaestudio solo ambiente vivo sola bombillos nevera pagaba ahora pandemia voy cobro exagerado radicado,,2
reclamo,inconformidad con el consumo o produccion facturad,solicito favor revisión consumo energía vemos manera exagerada incremento mes junio espero pronta respuesta requerimiento,,2
reclamo,pago sin abono a cuenta,buenas tardes presento solicito amablemente revisada facturación últimos meses pues ultima factura llego cobro mes anterior segun cancelado cierto adjunto presente petición pagado correctamente,,2
reclamo,inconformidad con el consumo o produccion facturad,cobro energia subiendo cada mes mas empezo cuarentena nadie chec venido verificar consumo correcto solo vivimos personas casa subido exageradamente solicto vengan revisar real,,2
reclamo,cobro de acuerdo de pago o financiacion,factura emitida jul aparece mensaje haber cancelado facturas junio cobrará meses partir agosto diferido dichas canceladas jun van cobrar adjunto pagos,,2
reclamo,inconformidad con el consumo o produccion facturad,manera atenta hago reclamo aumento exponencial factura luz siempre acogido recomendaciones optimizando uso racional casa variación respecto pandemia mismas personas adulto menor,,2
reclamo,pago sin abono a cuenta,solicito revisión última factura llegó saldo anterior último corresponde pago trabajo solicitado traslado torre electrica predio pagado transferencia adjunto ajustar web,,2
reclamo,pago sin abono a cuenta,buenos días momento pagar factura equivalente documento encuentro aparece pendiente mes anterior consta último pago,,2
reclamo,inconformidad con el consumo o produccion facturad,solicita validación cobros servicio marzo reflejado incrementos bien cierto cuarentena pudo incrementar consumo debe ser estable cobro abril mismo,,2
reclamo,inconformidad con el consumo o produccion facturad,solicito respectiva revisión consumo reposa factura periodo julio demasiado elevado emergencia sanitaria covid establecimientos ubica dirección encuentran cerrados actividad,,2
reclamo,inconformidad con el consumo o produccion facturad,reclamación aumento facturación radicado,,2
reclamo,pago sin abono a cuenta,factura recibí día ayer documento equivalente relaciona saldo pendiente periodos anteriores total pagar comprendo corresponde realizado siguientes pagos,,2
reclamo,inconformidad con el consumo o produccion facturad,presente notificar meses pandemia utilizamos servicio energía dejamos tacos abajo debido establecimiento cerrado completamente marzo junio recibo llego,,2
reclamo,tarifa incorrecta,solicita devuelva dinero pagado ultmos años cobrado tarifa plena subsidio estrato oficio adjunto,,2
reclamo,tarifa incorrecta,mayo habilitó medida nivel tensión mes julio facturó tarifa solicita ajuste pagos realizados,,2
reclamo,inconformidad con el consumo o produccion facturad,buenos días solicito manera mas atenta revisión cobro factura promedio maneja kilovatios quisiéramos saber ocurrido llevamos mes viviendo coherente quedo atento,,2
reclamo,inconformidad con el consumo o produccion facturad,solicito regulen precio factura debe ser pesos dejen descarados irrespetuosos llevamos viviendo mismas personas tiempo pandemia van subir doble revisado contador dicen bien radicado,,2
reclamo,cobro de acuerdo de pago o financiacion,pagué tarde factura mes pasado actual cobran alumbrado público cómo puedo arreglar pagar solo corresponde conceptos chec aparece deuda energía diferir significa,,2
reclamo,inconformidad con el consumo o produccion facturad,información fondo aumento cobro servicio publico conforme hechos manifiesto derecho petición adjunto pdf muchas gracias consumo cobrado periodo facturación mes julio llegado demasiado alto comparación periodos anteriores,,2
reclamo,inconformidad con el consumo o produccion facturad,inconforme alto consumo ultimos periodos subio demasiado causa justa pago llegaba descuento,,2
reclamo,inconformidad con el consumo o produccion facturad,buenas tardes pregunta llegó sigo tan caro pagando ninguna cuota consumo mismo,,2
reclamo,inconformidad con el consumo o produccion facturad,solicito realizar revisión cobro efectuado consumos predio siempre parecido exageradamente altos cuenta uso recurso estrato sitio zona rural agradezco atención colaboración puedan brindar,,2
reclamo,inconformidad con el consumo o produccion facturad,usuario manifiesta inconformidad consumo periodo,,2
reclamo,inconformidad con el consumo o produccion facturad,usuaria inconforme consumo facturado periodo manifiesta local encuentra cerrado emergencia covid,,2
reclamo,inconformidad con el consumo o produccion facturad,solicito explicación aumento desmedido factura luz cobro subio junio laborando solo persona casa utiliza nevera televisor teletrabajo computador,,2
reclamo,inconformidad con el consumo o produccion facturad,sebastian gutierrez patiño cel llego factura junio incremento respecto mes mayo cuenta permanecíamos apto quisiera saber respuesta escrito correo electrónico registrado,,2
reclamo,inconformidad con el consumo o produccion facturad,encuentro inconforme factura periodo junio julio parece cobro exagerado requiero realicen revisión,,2
reclamo,pago sin abono a cuenta,día julio hice pago adjunto factura comprobante recibo actual dice ultimo realizado junio quiero aclaren cobro llega mes agosto adicional inmueble desocupado diciembr,,2
reclamo,inconformidad con el consumo o produccion facturad,telf usuario inconforme consumos facturados persona adulta vive únicamente nieta mayor parte tiempo casa entonces cobros mas mil pesos mensuales parecen exagerados quisiera verificara fondo,,2
reclamo,cobro de cargos relacionados con el servicio publi,radicado solicita revisión ultimas dos facturas energía pues valores facturados coinciden discriminados adjunto oficio formal describe reclamación,,2
reclamo,inconformidad con el consumo o produccion facturad,consumo factura demasiado alto,,2
reclamo,inconformidad con el consumo o produccion facturad,pagando valores mas menos ahora plena pandemia casa sola llega cobro subsidio consumo reporta factura casi doble,,2
reclamo,inconformidad con el consumo o produccion facturad,presente año efectué reclamo factura llego alta dieron respuesta mencionando predio municipio pueblo rico vivienda ubicada dosquebradas risaralda mes tomaron lectura favor revisar vivo solo ser,,2
reclamo,inconformidad con el consumo o produccion facturad,tiempo cuarentena aumentado costos cobro factura energia hace año pagando rededor promedio embargo mientras covid subió solicita ajuste estrato,,2
reclamo,pago sin abono a cuenta,quisiera saber porqué cobrando valores diferidos abril junio dia pago julio necesito quiten favir cobros gracias,,2
reclamo,inconformidad con el consumo o produccion facturad,reclamo alto consumo periodo comprendido julio agosto kilovatios solicita verificación,,2
reclamo,inconformidad con el consumo o produccion facturad,encuentro inconforme cobro factura pesos mes julio agosto cancelar septiembre puesto llevo meses casa consumo sido mismo nunca pagado mayor,,2
reclamo,inconformidad con el consumo o produccion facturad,reclamo alto consumo periodo julio agosto,,2
reclamo,inconformidad con el consumo o produccion facturad,llegado recibo energía demasiado alto pensamos debía disminuir quito carga contador aun así vez quedarse igual contrario aumento periodo radicado,,2
reclamo,cobros por promedio,buenas tardes quiero realizar reclamación valores facturas toda vez costos reflejan realidad restaurante cerrado pandemia tenia servicio revisen precios sujetan,,2
reclamo,inconformidad con el consumo o produccion facturad,buenos días averiguar llegando factura demasiado cara,,2
reclamo,inconformidad con el consumo o produccion facturad,predio apto desocupado dejando cancelar factura mes marzo cobrando agosto tenian facturar abril saldo,,2
reclamo,subsidios y contribuciones,solicito cambio estrato municipio supia existe vecinos,,2
reclamo,cobro de cargos relacionados con el servicio publi,buenas tardes solicito revisara factura jun jul impuesto alumbrado publico llego nunca cobrado tan costoso anterior debe errado momento encuentro,,2
reclamo,inconformidad con el consumo o produccion facturad,alto cobro energía servicio prestado junio julio,,2
reclamo,inconformidad con el consumo o produccion facturad,buenas tardes mes marzo veo asombro incremento factura mayo llega saldo diferir pagando todas facturas vuelve llegar junio mismo julio ver adjunto,,2
reclamo,inconformidad con el consumo o produccion facturad,hace varios meses llega factura servicio energía mas costosa subió solicito revisión constatar presentando fugas explicación costo viene,,2
reclamo,inconformidad con el consumo o produccion facturad,consumo finca siempre sido moderado después visita técnicos manipularon contador disparó quiero pedirles favor revisen facturado den razón incremento,,2
reclamo,inconformidad con el consumo o produccion facturad,solicita verificación consumos facturados junio julio factura llego incremento kwh realice visita técnica fin identificar causa consumo inspeccionen puntos conexión predio equipo medición autoriza notificación correo electrónico aloroz hotmail com,,2
reclamo,inconformidad con el consumo o produccion facturad,solicitud traslado competencias sspd radicado buenas tardes cordialmente solicitamos revisión dicha factura adjunta toda información mil gracias quedo atento petición doc adjunto,,2
reclamo,inconformidad con el consumo o produccion facturad,solicito revisión mes febrero consumo subido demasiado sigue siendo mismas personas utilizando energia mismo electrodomesticos,,2
reclamo,cobro de cargos relacionados con el servicio publi,inconforme cobros aporte voluntario descontado pago anticipado servicio energía acostumbro adelantar dinero cuenta chec solo deudas consumo alumbrado público requiero repongan descuentos autorice,,2
reclamo,inconformidad con el consumo o produccion facturad,agradezco revisen consumo facturado julio costo factura subió casi pues pase cancelar mes tener agosto,,2
reclamo,inconformidad con el consumo o produccion facturad,pido encarecidamente nueva revisión factura sigue incrementándose descaradamente señores hicieron pasaron informe herrado diciendo tres viviendas conectadas contador totalmente falso podemos abuso alsas,,2
reclamo,cobro de cargos relacionados con el servicio publi,requiero factura total consumos junio julio agosto financiación valores financiados coherentes pagos realizado deuda empresa,,2
reclamo,cobro de cargos relacionados con el servicio publi,requiero factura total consumos junio julio agosto financiación valores financiados coherentes pagos realizado deuda empresa,,2
reclamo,inconformidad con el consumo o produccion facturad,explicación cobro anterior periodo factura ene marzo pagado completo nov enero acuerdo revisión previa mar mayo kilovatios arrastra saldo diferir radicado,,2
reclamo,inconformidad con el consumo o produccion facturad,telf dos últimos meses nota incremento exagerado consumo sabiendo solo sola persona hace comer alimenta restaurante pido urgentemente revisión radicado,,2
reclamo,solicitud de rompimiento de solidaridad,apoderado propiedad ubicada cra cuyo número cuenta permito solicitar rompimiento solidaridad arrendataria sra maria teresa rodríguez chavez identificada cédula ciudadanía adeuda ustedes meses deuda anexar contrato arrendamiento firmado poder otorgado padre manejo copia factura respectiva,,2
reclamo,inconformidad con el consumo o produccion facturad,consumo reportado ultima factura excesivo cuenta estudiantes mes marzo queremos manifestar inconformidad facturado colegio obviamente corresponde comsumo supera ampliamente,,2
reclamo,inconformidad con el consumo o produccion facturad,encuentro inconforme factura periodo julio agosto parece cobro exagerado requiero visiten aclaren tema,,2
reclamo,inconformidad con el consumo o produccion facturad,factura mayo junio llego julio agosto entiendo aumento cabaña ocuparse meses,,2
reclamo,inconformidad con el consumo o produccion facturad,encuentro conforme factura julio agosto parece cobro abusivo exagerado requiero visiten arreglen tema pagado correctamente ves informaron debia cambiar medidor cambiamos inmediatamente radicado,,2
reclamo,inconformidad con el consumo o produccion facturad,requiero visita revisión conforme ultima factura parece cobro exagerado visiten aclaren tema,,2
reclamo,inconformidad con el consumo o produccion facturad,sucede ultimas facturas energía multiplicaron llegaban maximo adquirido ningun electrodomestico adicional ademas hacemos exactamente mismo pandemia,,2
reclamo,cobro multiple y/o acumulado,acuerdo cobro aparece financiado ultima factura dado pague día julio adjunto paga revisión,,2
reclamo,inconformidad con el consumo o produccion facturad,manera respetuosa solicito empresa prestadora servicio energía verifique cobro últimas facturas cuenta mas alto cancelado venido aumento cada factura aproximado pagando hoy,,2
reclamo,inconformidad con el consumo o produccion facturad,manera mas atenta solicito explicación aumento factura periodo mismo consumo mes julio lecturas vemos pasar persona arrima posible tener lectura medidor,,2
reclamo,inconformidad con el consumo o produccion facturad,favor necesito verifiquen motivo tocando pagar tanta plata ménsula factura estrato siempre pagado rededor mil ahora pagando doble cada párese justo verificar ultimos meses,,2
reclamo,inconformidad con el consumo o produccion facturad,sres chec medio presente expreso total descontento indignacion elevado aumento pagar factura mes duplicado consumo dinero solamente poseo nevera vea tan exageradamente reflejado,,2
reclamo,inconformidad con el consumo o produccion facturad,reclamo alto consumo ultimo periodo kwh,,2
reclamo,inconformidad con el consumo o produccion facturad,inconforme consumo ultima factura duplico electrodomésticos mismos injustificado debe ser error lectura radicado,,2
reclamo,inconformidad con el consumo o produccion facturad,coridal saludo solicito favor verificar factura jul viene total consumo local trabajo causas pandemia cerrado anterior pago realizado juli,,2
reclamo,inconformidad con el consumo o produccion facturad,observaciones reclamo respecto incremento presentando mes mayo encuentro justificación casa permanece sola quedo atenta respuesta,,2
reclamo,inconformidad con el consumo o produccion facturad,señores chec encuentro inconforme consumos cobraron facturas julio agosto paso factura mas reciente favor solicito revisión,,2
reclamo,inconformidad con el consumo o produccion facturad,excesivo cobro últimas facturas estrato pedimos revisión descuento factura,,2
reclamo,pago sin abono a cuenta,requiero amablemente paz salvo número cuenta saldos pendientes menciona factura recibida mes agosto saldo agradezco comprobar pagos realizados recibir,,2
reclamo,inconformidad con el consumo o produccion facturad,inconformidad facturado mes julio revisando histórico consumo identifica alza considerable razón solicitamos visita técnica verificar contador,,2
reclamo,inconformidad con el consumo o produccion facturad,buenos dias comenzó pandemia notado llevo meses seguido pagado mas pesos pagos alrededor sucede mismos electrodomesticos parece tan extraño llegue costoso factura,,2
reclamo,cobro de cargos relacionados con el servicio publi,saludo solicito comedidamente revisado factura periodo pues acuerdo meses anteriores mes llegó concepto impuesto alumbrado público cómo posible aumento gracias,,2
reclamo,inconformidad con el consumo o produccion facturad,quiero favor revicen ajusten cobro real medidor cobros meses enero junio año indica estan cuenta contador cobran promedio casa mantiene sola toda semana funicona solo nevera cambie ducha electrica gas mismo,,2
reclamo,cobros por promedio,conforme factura junio julio veo lectura realizada predio solo siempre deben llamar realicen garantizar ingreso realizar,,2
reclamo,inconformidad con el consumo o produccion facturad,inconformidad presenta debido ultimos meses identificado aumentando notablemente facturado hogar compone personas adultas menor edad años cuales solo permanecen,,2
reclamo,inconformidad con el consumo o produccion facturad,cordialmente pido revisar consumo comprendido julio agosto lectura excede promedio normal haber cambios rutina adjunto imagen última factura generada gracias gestión,,2
reclamo,inconformidad con el consumo o produccion facturad,solicitud trasladada desdes sspd cliente reclamo chec respuesta agosto,,2
reclamo,inconformidad con el consumo o produccion facturad,acuerdo consumo pagar ultima factura recibido observo tomando promedio equivocada hice reclamo concepto veo sigue mismo problema favor ajustar tarifa,,2
reclamo,inconformidad con el consumo o produccion facturad,inconforme consumo tan elevado ultima factura después revisaron contador buen,,2
reclamo,inconformidad con el consumo o produccion facturad,dicen subsidian pesos subsidio pagaria resulta factura llega exactos asi restan total ademas necesitamos revise consumo ustedes registran pues subido demasiado ultimos meses,,2
reclamo,inconformidad con el consumo o produccion facturad,usuario solicita den solución tema costos consumo energía afirma mas ahorra caro llega,,2
reclamo,subsidios y contribuciones,solicito seguimiento cobros activo cliente revisando factura viene cobrando contribución activa bastante alta casa vivimos ejercemos ninguna actividad comercial último revisar kwh promedian futuro bimensual,,2
reclamo,inconformidad con el consumo o produccion facturad,calidad administradora edificio saukara solicito informen debe incremento viene presentado facturación cualquier inquietud sera atendida email edificiosaukaraph gmail com mil gracias maria dignery betancourt admin,,2
reclamo,inconformidad con el consumo o produccion facturad,angie giraldo reclama facturado periodo radocado,,2
reclamo,inconformidad con el consumo o produccion facturad,solicitamos visita cuenta registrada consumo energía registrado ultima factura evidencio incremento cuestión sabemos dicha abastece registros anteriores inferior actual,,2
reclamo,cobro de cargos relacionados con el servicio publi,factura debo cancelar cobro doble plan exequial alumbrado público necesito modifiquen poder hacer pago petición anterior solicitado quería pagos diferidos aún siguen apareciendo,,2
reclamo,inconformidad con el consumo o produccion facturad,observaciones solicito aclaración incremento factura periodo comprendido jul ago cuenta pertenece local comercial encuentra cerrado día marzo consumo energía radicado,,2
reclamo,inconformidad con el consumo o produccion facturad,solicitamos ustedes manera atenta revisión medidor venido incrementando últimos meses injustificada realizado modificaciones equipos frio electrónicos dirección local reserva cerro bosques niza lounge sas radicado,,2
reclamo,inconformidad con el consumo o produccion facturad,conforme anteriormente expresado pide empresa realice revisión lugar servicio energía inmueble ubicado dirección transversal torre apartamento senderos pradera zona urbana dosquebradas así mismo realizado ajuste facturación promedios anteriores pandemia verificar tarifa,,2
reclamo,inconformidad con el consumo o produccion facturad,escribo fin solicitarles revisión cobro consumo factura mes marzo cobraron promedio consume abril aparece día junio cancele,,2
reclamo,pago sin abono a cuenta,desviación significativa facturación cobro erróneo través portal pse solicito realizar nota crédito siguiente,,2
reclamo,inconformidad con el consumo o produccion facturad,observaciones incremento factura agosto cobro facturas meses,,2
reclamo,inconformidad con el consumo o produccion facturad,cobro excesivo factura energía predio desocupado diciembre junio motivo viaje persona vive sola nunca recibido tan alto solicito favor hagan revisiones necesarias verificar consumos apartamento,,2
reclamo,inconformidad con el consumo o produccion facturad,solicitar revisión verificación consumo energía vivienda ubicada cll casa propia información pago cuotas deben programa financiación social promovido empresa chec doc adjunto,,2
reclamo,inconformidad con el consumo o produccion facturad,comunico representación empresa apostar motivo reclamo petición debe alto consumo energía viene presentando mes agosto septiembre puntos venta solicito revisión predio,,2
reclamo,inconformidad con el consumo o produccion facturad,solicitud pqr hacer reclamo precio costo ultimo mes consumo llego mil pesos anteriormente llegaba alrededor quiero decir casi mas espero pronta solución,,2
reclamo,inconformidad con el consumo o produccion facturad,llego factura mas pesos consumo energia aparte mes correspondiente explicaron solo dejaban papel casa habia subido hacer reclamo solucion tenia pagar recibo parece injusto,,2
reclamo,inconformidad con el consumo o produccion facturad,inconforme alto costo servicios energia salen cuentos estan dando subsidio mas viviamos dos personas solamente dia vecinos casa llega menos sola revisar contador,,2
reclamo,inconformidad con el consumo o produccion facturad,encuentro inconforme cobro periodo agosto septiembre hacen cobros exagerados requiero visiten expliquen bien tema,,2
reclamo,inconformidad con el consumo o produccion facturad,buenas tardes escribo calidad cliente servicio energia hacer reclamo incrmento repntino facturacion periodicamente estan subiendo motivo acudir ente regula empresas,,2
reclamo,inconformidad con el consumo o produccion facturad,comunico representación empresa apostar motivo reclamo petición debe alto consumo energía viene presentando mes agosto septiembre puntos venta solicito revisión predio,,2
reclamo,inconformidad con el consumo o produccion facturad,inconforme continuo incremento facturas mensualmente domicilio habitamos adultos menor hace meses cada mes incrementa anterior pago factura llega cuales cobros exagerados,,2
reclamo,inconformidad con el consumo o produccion facturad,llevo tres periodos desconectando electrodomesticos noche mañana siguiente factura cambia sube varios testigos abogado dice epuede demandar creo haré siento estafado,,2
reclamo,inconformidad con el consumo o produccion facturad,cuenta corresponde institución educativa habitada marzo ello entiendo porqué presenta consumo facturación alta solicito revisión verificar robo energía daños cableado,,2
reclamo,inconformidad con el consumo o produccion facturad,buenos días medio presente requiero explique aumento tarifario últimos meses consumo sido mismo actividades realicen distintas rutinariamente espero respuesta solicitud,,2
reclamo,inconformidad con el consumo o produccion facturad,buenos dias solicito amablemente revisado cobro factura estan cobrando consumo injustificable incluso acuerdo pago numero dos ultimas facturas daño reparado,,2
reclamo,inconformidad con el consumo o produccion facturad,solicito revision parte empresa energia cuenta mas dos años incrementos constantes facturacion predio revisando facturas vecinos porcentaje menor mio,,2
reclamo,inconformidad con el consumo o produccion facturad,solicitó revisar factura consumo julio agosto llegó doble referente meses anteriores hacer revisión contador caso insólito gracias,,2
reclamo,inconformidad con el consumo o produccion facturad,observaciones solicito amablemente visita revisión contador luz debido consumo registrado vivienda sube constantemente mes viéndose reflejado costo factura cuenta solo habitamos personas tiempo parcial muchas gracias,,2
reclamo,inconformidad con el consumo o produccion facturad,buen dia últimos meses podido notar gran incremento facturas luz cuenta sector estrato consumo casa campo normal consideramos exagerado pagar periodo mes factura septiembre,,2
reclamo,inconformidad con el consumo o produccion facturad,buzon notificaciones judiciales superintendencia servicios publicos domiciliarios nit traslado competencia trámite radicado superservicios bajo número derecho peticion inconformidad cobro factura energia nombre gloria amparo guarín castillo documento identificación teléfono,,2
reclamo,inconformidad con el consumo o produccion facturad,solicito visita verificar contador cobros realizado mes anterior vivo sola permanezco casa,,2
reclamo,inconformidad con el consumo o produccion facturad,expresó inconformidad factura julio agosto cobran lectura revisar medidor requiero revisen tema actualizen real,,2
reclamo,inconformidad con el consumo o produccion facturad,encuentro inconforme cobrado factura periodo julio agosto parece cobro exagerado requiero visiten validen tema,,2
reclamo,inconformidad con el consumo o produccion facturad,reclamo aumento consumo ultimo periodo mismo subió demasiado,,2
reclamo,inconformidad con el consumo o produccion facturad,presento inconformidad alto consumo ultimo periodo tacos abajo debió llegar cero solicito revisión completa,,2
reclamo,inconformidad con el consumo o produccion facturad,hace año meses vivo predio venido pagando promedio mil pesos mes marzo cada incrementado logico mismos aparatos funcionamiento mismas personas habitamos solicito rectificar,,2
reclamo,cobro de cargos relacionados con el servicio publi,respetuosamente solicitamos reintegro aportes voluntarios descontados previa autorización meses junio contratos relacionados aplicados cada cuenta respectiva ver anexo,,2
reclamo,inconformidad con el consumo o produccion facturad,encuentro inconforme cobrado factura periodo junio agosto hace consumo exagerado dado predio solo requiero visiten revisen medidor,,2
reclamo,inconformidad con el consumo o produccion facturad,requiero revisión consumos facturados cuenta junio facturación pasó ser bimestral mensual subió demasiado pese sistema autogeneración solar visita medida instalación coordinar,,2
reclamo,inconformidad con el consumo o produccion facturad,solicito revisión cobros pandemia revision conexiones condominio aeropuerto adicional pone queja cobro factura encuentra paga mes abril,,2
reclamo,inconformidad con el consumo o produccion facturad,encuentro inconforme valores cobrados cuenta mes julio hacen exagerados casa solo habitamos dos personas buenos hábitos consumo requiero visiten revisen tema aclaren requerimiento,,2
reclamo,inconformidad con el consumo o produccion facturad,inconforme consumo tan elevado mes ultimo periodo llego alto dos persona solicito revisión completa,,2
reclamo,inconformidad con el consumo o produccion facturad,consumo factura últimos meses presenta alza inmesurable pasamos pagar abril vamos octubre quisiera saber debe revisara tema comprado electrodomésticos pandemía lleva mas personas casa,,2
reclamo,inconformidad con el consumo o produccion facturad,buenos días comedidamente solicito saber salen consumo cobrado casa lleva desocupada rededor años pagaba solamente alumbrado publico esperamos puedan corroborar información aplicar descuento correspondiente,,2
reclamo,solicitud de rompimiento de solidaridad,propietaria servicio solicita pagar primeras tres facturas mora generadas cuenta demas gestionadas directamente empresa,,2
reclamo,inconformidad con el consumo o produccion facturad,siguiente queja hace cobro excesivo servicio luz facturado últimos meses cuales ido aumento último periodo excede consumo habitual fluctúan kwh pasando momento exagerado,,2
reclamo,inconformidad con el consumo o produccion facturad,solicita revisen reliquiden consumos efectuados meses abril septiembre descrito motivación escrito restituyendo costos cobrados causados siguientes dos maneras añada determine resultado cobrado fundamento legal ausencia consumo respectivo saldo favor dentro cuenta chec suscrito factura bajo contrato ser negativa anterior posibilidad consigne ahorros banco davivienda nombre señor juan jose marin sanchez igualmente exonere intereses pago tiempo toda vez debe primero resolver situación actual medida previa provisional suspenda servicio sancione,,2
reclamo,inconformidad con el consumo o produccion facturad,cobros venían realizándose reporte consumo promedio vivienda residencial partir mes marzo corriente hogaño quedó deshabitada injustificadamente venido incrementando cobrando servicio respuesta solicitud dirección residencia,,2
reclamo,inconformidad con el consumo o produccion facturad,solicito respetuosamente empresa modifique precio pagar periodo comprendido agos sep solo podía facturar promedio cobre mas habitamos dos personas consumos inferiores siempre podrá hacer lectura cada mes,,2
reclamo,inconformidad con el consumo o produccion facturad,acuerdo pagos realizado pandemia mes marzo pago paralelo después julio aumento prácticamente doble mismas funciones energía entendemos debe incremento,,2
reclamo,cobro de cargos relacionados con el servicio publi,factura estrato cobrando impuesto alumbrado público solicito favor arreglar poder cancelar oportunamente octubre,,2
reclamo,inconformidad con el consumo o produccion facturad,periodo facturación comprendido agosto septiembre viene factura total nuevamente cobros astronómicos injustificados ver adjunto,,2
reclamo,inconformidad con el consumo o produccion facturad,encuentro inconfome valores facturados mayo parecen cobros exagerados requiero visiten revisen aclaren tema,,2
reclamo,inconformidad con el consumo o produccion facturad,inicio cuarentena notado incremento factura promedio cada mes ultimo recibo necesitamos revisión total saber igual año anterior,,2
reclamo,inconformidad con el consumo o produccion facturad,señores chec manera atenta solicitamos realice ajuste liquidación cuenta factura dado servicio corresponde luz locales bbc company manizales cuales efectos pandemia covid cerraron pue,,2
reclamo,cobros inoportunos,encuentro inconforme factura periodo julio agosto estan cobrando consumos anteriores solicite retiro definitivo servicio cancelando facturas correspondientes requiero revisen caso den respuesta,,2
reclamo,cobro de cargos relacionados con el servicio publi,respetuosamente solicitamos reintegro aportes voluntarios descontados previa autorización meses junio contratos relacionados aplicados cada cuenta respectiva,,2
reclamo,inconformidad con el consumo o produccion facturad,reclamo alto consumo factura llega cobrado años llevo local nunca aumentado tan alta diferencia,,2
reclamo,inconformidad con el consumo o produccion facturad,promedio consumo sido kwh mes mayo incremento mas ilógico adquirido ningún equipo nuevo justifique tiempos permanencia casa siguen siendo mismos principio año,,2
reclamo,inconformidad con el consumo o produccion facturad,reclamo abusivo cobro parte chec cuenta casa campestre vive nadie mas aun mes febrero podido problemas covid nunca promedio consumo años tan alto agradezco solución,,2
reclamo,inconformidad con el consumo o produccion facturad,presente pqr inconsistencia facturado periodo agosto septiembre considero existió error toma lectura medidor vive inmueble persona sola solicito revisar tema revisión med,,2
reclamo,cobro de acuerdo de pago o financiacion,cobro servicios energia mes abril julio cuales cancelaron vuelven cobrar factura septiembre ver adjunto,,2
reclamo,cobro de cargos relacionados con el servicio publi,respetuosamente solicitamos reintegro aportes voluntarios descontados previa autorización meses junio contratos relacionados aplicados cada cuenta respectiva ver anexo,,2
reclamo,inconformidad con el consumo o produccion facturad,inconforme consumos últimos tres periodos altos solicito revisión completa,,2
reclamo,cobro de cargos relacionados con el servicio publi,solicito devolución dineros cobrados exceso relacionados facturación pago servicio así pagos concepto aporte voluntario autorizado aclaración factura septiembre doble cobro acuerdo anexo,,2
reclamo,cobro de cargos relacionados con el servicio publi,buenos dias solicito favor revisar facturación subió últimos meses apartamento encuentra desocupado marzo año agradezco pronta colaboracion realizar pago ajustado,,2
reclamo,pago sin abono a cuenta,dia agosto realice recaudo punto autorizado apostar manejo recibo tirilla arroja maquina salio doble factura cuenta anexo comprobante pago,,2
reclamo,cobro de cargos relacionados con el servicio publi,respetuosamente solicitamos reintegro aportes voluntarios descontados previa autorización meses junio contratos relacionados aplicados cada cuenta respectiva ver anexo,,2
reclamo,cobro de cargos relacionados con el servicio publi,respetuosamente solicitamos reintegro aportes voluntarios descontados previa autorización meses junio contratos relacionados aplicados cada cuenta respectiva ver anexo,,2
reclamo,inconformidad con el consumo o produccion facturad,solicito revisión cobros pandemia revision conexiones condominio aeropuerto adicional pone queja cobro factura encuentra paga mes abril,,2
reclamo,inconformidad con el consumo o produccion facturad,solicito revisión cobros pandemia revision conexiones condominio aeropuerto adicional pone queja cobro factura encuentra paga mes abril,,2
reclamo,pago sin abono a cuenta,solicito aplicados pagos realizados transferencia manera urgente dado servicio llego aviso pago inmediato vez evitar suspendido oficinas organización adjunto carta soportes relación ver,,2
reclamo,inconformidad con el consumo o produccion facturad,manifiesto inconformidad incremento hace dos meses factura cuarentena debía permanecer casa llegaba económico cobro ahora debe trabajar sido alto pesar solo vive persona inmueble,,2
reclamo,inconformidad con el consumo o produccion facturad,observaciones inconforme consumo último periodo subido demasiado cambiado lleve consumir mas energía exijo revisión pronto posible gracias gestión respecto,,2
reclamo,cobros por promedio,solicitud miren lecturas contadores contrario seguirán sumando anterior abonado golpean bolsillo consumidores aumentos siguiente gracias,,2
reclamo,cobro de cargos relacionados con el servicio publi,respetuosamente solicitamos reintegro aportes voluntarios descontados previa autorización meses junio contratos relacionados aplicados cada cuenta respectiva ver anexo,,2
reclamo,inconformidad con el consumo o produccion facturad,quisiera saber factura incrementado vivo solo lugar vez mes viene esposa pasar fin semana siempre pagaba pesos aproximadamente incremento casi doble llegándome,,2
reclamo,cobro de otros bienes o servicios en la factura,facturación mes agosto viene cargando saldo intereses linea ustedes hizo reclamación aun respuesta hoy genero factura consumo debe pagar septiembre nuevamente llega mora ahora pesos,,2
reclamo,inconformidad con el consumo o produccion facturad,encuentro inconforme última factura llegó julio septiembre parece cobro exagerado solicito revisen medidor aclaren tema,,2
reclamo,inconformidad con el consumo o produccion facturad,promedio consumo factura kwh mes incremento ninguna variación numero usuarios predio siento inconforme cuenta justificación real hacerlo exijo revisión,,2
reclamo,inconformidad con el consumo o produccion facturad,inicio pandemia servicio energía elevado muchísimo mismas personas haciendo actividades entiendo tan alto consumo,,2
reclamo,cobro de cargos relacionados con el servicio publi,respetuosamente solicitamos reintegro aportes voluntarios descontados previa autorización meses junio contratos relacionados aplicados cada cuenta respectiva ver anexo,,2
reclamo,cobro de cargos relacionados con el servicio publi,respetuosamente solicitamos reintegro aportes voluntarios descontados previa autorización meses junio contratos relacionados aplicados cada cuenta respectiva ver anexo,,2
reclamo,inconformidad con el consumo o produccion facturad,encuentro inconforme factura llego periodo agosto septiembre parece cobro exagerado requiero revisen expliquen tema,,2
reclamo,inconformidad con el consumo o produccion facturad,revisión completa medidor número cuenta inexplicablemente presentó incremento factura supuesto consumo expuesto ustedes misma manera presente incidente lleva pens,,2
reclamo,inconformidad con el consumo o produccion facturad,rad realizar visita verificar sistema identificar incremento facturación hacer,,2
reclamo,inconformidad con el consumo o produccion facturad,cliente bodega solicito revisaran consumos incrementado ultimo mes,,2
reclamo,inconformidad con el consumo o produccion facturad,revision completa puede favor explicar desviación entiendo motivo factura sube doble pago bajo criterios ustedes establecen mas aun siquiera avisaron revisión,,2
reclamo,inconformidad con el consumo o produccion facturad,rad requiere revision completa usuario inconforme previa ver documento,,2
reclamo,estrato incorrecto,verificar uso servicio mayo tome arrendo vivienda cuya direccion terrazas campo hermoso viene efectuando cobros tarifa comercial siendo unifamiliar solicito corregido energia haga efectivo costos adicionales efectuados,,2
reclamo,cobro de cargos relacionados con el servicio publi,equivocación facturas relaciono archivo adjunto siendo entregadas secretarias alcaldía manizales mes diciembre recib vez verificadas pago evidencio varios meses mora intereses altos podido realizar pueden cance,,2
reclamo,cobro de cargos relacionados con el servicio publi,equivocación facturas relaciono archivo adjunto siendo entregadas secretarias alcaldía manizales mes diciembre recib vez verificadas pago evidencio varios meses mora intereses altos podido realizar pueden cance,,2
reclamo,cobro de cargos relacionados con el servicio publi,equivocación facturas relaciono archivo adjunto siendo entregadas secretarias alcaldía manizales mes diciembre recib vez verificadas pago evidencio varios meses mora intereses altos podido realizar pueden cance,,2
reclamo,inconformidad con el consumo o produccion facturad,inconformidad alto consumo,,2
reclamo,inconformidad con el consumo o produccion facturad,inconformidad alto consumo,,2
reclamo,cobro de cargos relacionados con el servicio publi,equivocación facturas relaciono archivo adjunto siendo entregadas secretarias alcaldía manizales mes diciembre recib vez verificadas pago evidencio varios meses mora intereses altos podido realizar pueden cance,,2
reclamo,cobro de cargos relacionados con el servicio publi,equivocación facturas relaciono archivo adjunto siendo entregadas secretarias alcaldía manizales mes diciembre recib vez verificadas pago evidencio varios meses mora intereses altos podido realizar pueden cance,,2
reclamo,cobro de cargos relacionados con el servicio publi,equivocación facturas relaciono archivo adjunto siendo entregadas secretarias alcaldía manizales mes diciembre recib vez verificadas pago evidencio varios meses mora intereses altos podido realizar pueden cance,,2
reclamo,cobro de cargos relacionados con el servicio publi,equivocación facturas relaciono archivo adjunto siendo entregadas secretarias alcaldía manizales mes diciembre recib vez verificadas pago evidencio varios meses mora intereses altos podido realizar pueden cance,,2
reclamo,inconformidad con el consumo o produccion facturad,solicito revisión contadores cada pisos propiedad horizontal edificio banco comercio relaciono parte superior anterior incrementos factura luz números suscriptor vez revisados medidores explicación referente aumento facturación visita podrán realizar días sába,,2
reclamo,inconformidad con el consumo o produccion facturad,solicito revisión contadores cada pisos propiedad horizontal edificio banco comercio relaciono parte superior anterior incrementos factura luz números suscriptor vez revisados medidores explicación referente aumento facturación visita podrán realizar días sába,,2
reclamo,inconformidad con el consumo o produccion facturad,solicito revisión contadores cada pisos propiedad horizontal edificio banco comercio relaciono parte superior anterior incrementos factura luz números suscriptor vez revisados medidores explicación referente aumento facturación visita podrán realizar días sába,,2
reclamo,inconformidad con el consumo o produccion facturad,solicito revisión contadores cada pisos propiedad horizontal edificio banco comercio relaciono parte superior anterior incrementos factura luz números suscriptor vez revisados medidores explicación referente aumento facturación visita podrán realizar días sába,,2
reclamo,cobro de cargos relacionados con el servicio publi,solicitud condonacion intereses moratorios,,2
reclamo,"cobros por conexion, reconexion, reinstalacion",acuerdo cobro servicio reconexión parece demasiado costoso,,2
reclamo,inconformidad con el consumo o produccion facturad,solicita nueva revisión consumo encontrarse acuerdo facturado manifiesta electrodomésticos nuevos solamente habitan tres personas vivienda encuentran gran parte día labores,,2
reclamo,inconformidad con el consumo o produccion facturad,factura comprendida periodo febrero marzo llegó costo cobro acuerdo cuenta meses atrás promedio consumos pagos servicio oscilado solicito empresa explicación acerca incremento actual,,2
reclamo,estrato incorrecto,presente solicitar cordialmente cambio estrato pues según certificado estratificación emitido secretario planeación alcaldía santa rosa cabal sigo siendo aproximadamente meses ustedes justa causa cambiaron evidentemente vio afectado pagar,,2
reclamo,inconformidad con el consumo o produccion facturad,favor revisar consumo subió demasiado mismo finca potrerito sector santágueda municipio palestina,,2
reclamo,inconformidad con el consumo o produccion facturad,hagan favor revisar contador independientemente encuentran anomalías genere cobro alguno,,2
reclamo,inconformidad con el consumo o produccion facturad,revisión completa solicito empresa exonere cobro generando factura daño trabajo hizo sacar contador torre patio cables quedaron protección tal forma hierro sustenta pelaron hicieron masa tierra causando exceso consumo,,2
reclamo,inconformidad con el consumo o produccion facturad,siento inconforme facturación toda vez venia cancelando promedio partir mes enero incremento notoriamente tener conocimiento debido consumo mismo mismas personas,,2
reclamo,inconformidad con el consumo o produccion facturad,reclamacion alto precio tarifa pagaba mil pesos llegando mas hace tiempo indicaron alambrado viejo debia cambiarlo dismunuir segun ley servicios publicos corresponde usuario capacidad pagar costos tan altos,,2
reclamo,pago sin abono a cuenta,manera amable atiendo solicitud contenida oficio adjuntando evidencia pago realizado siguientes registros,,2
reclamo,inconformidad con el consumo o produccion facturad,revision completa presente motivo casi habitamos casa meses cobro servicio diferente aumenta cada vez mas solicito favor cobren servicios caros,,2
reclamo,inconformidad con el consumo o produccion facturad,resulta apartamento desocupado meses mes marzo abril facturas llegaron ocupado obligación hacer reclamación empresa aguas manizales dijeron cobro alto hace referencia emas pues hice chec día ayer funcionario,,2
reclamo,inconformidad con el consumo o produccion facturad,reclamo mes consumo observa incremento exagerado conocen causas resolucion comision reguladora autorizado lectura corresponde consumos pues implemento todas practicas ahorro posibles bombillas ahorradoras procuro usar electrodomesticos solicito respetuosamente explique detalle inusual,,2
reclamo,inconformidad con el consumo o produccion facturad,central hidroeléctrica caldas chec esp anserma cobrando facturación septiembre adicionales desviación significativa efectuaron visita previa finca revisaron instalaciones equipo medida encontraron ninguna causa alto consumo pueden ver extremadamente mínimo cambiado recientemente contador entendemos aparece vivienda solo habitan tres,,2
reclamo,pago sin abono a cuenta,señores chec agradezco cruzar pago mes agosto realizo pasado septiembre generar nueva factura afectando indicadores aparece doble facturación cada,,2
reclamo,inconformidad con el consumo o produccion facturad,usuario inconforme facturado después haber cambiado medidor cobrado solicita comunique total debe cancelar tiempo contador dañado,,2
reclamo,inconformidad con el consumo o produccion facturad,usuario través sspd presenta inconformidad cobro consumo después revisión previa argumenta tardanza detección irregularidad,,2
reclamo,inconformidad con el consumo o produccion facturad,ministerio defensa ejercito nacional,,2
reclamo,inconformidad con el consumo o produccion facturad,restrepo carlos arturo,,2
reclamo,clase de uso incorrecto,cesar escobar restrepo,,2
reclamo,inconformidad con el consumo o produccion facturad,rad realizando cobro corresponde realidad promedio,,2
reclamo,inconformidad con el consumo o produccion facturad,rad tan amable dar revisada factura base militar cañaveral victoria caldas anexo nombre isagen vemos llegó demasiadamente alta comparación cobros anteriores,,2
reclamo,inconformidad con el consumo o produccion facturad,usuaria manifiesta servicio llega caro reclamación trasladada sspd,,2
reclamo,inconformidad con el consumo o produccion facturad,peticionaria través ssdp solicita verificación incremento factura,,2
reclamo,cobro de cargos relacionados con el servicio publi,solicito amablemente reporte registro pago servicios energía acuerdo matrículas establecidas pues ven reflejados facturas pagos venido realizando regional viejo caldas aclarar dichos solo hacen consumo cada factura deben ser inmediatos siguen generando intereses último solicitamos nuevamente gestión parte empresas prestadoras públicos realice condonación dicho encontramos paz salvo empresa chec abono discrimino aplica asi nombre banco,,2
reclamo,inconformidad con el consumo o produccion facturad,peticionaria través sspd informa recibo luz llega caro,,2
reclamo,inconformidad con el consumo o produccion facturad,peticionario través sspd manifiesta inconformidad facturas últimos bimestres saldo anterior ultima factura,,2
reclamo,inconformidad con el consumo o produccion facturad,cliente inconforme consumo nuevo medidor manifiesta existe fuga solicitud través sspd,,2
reclamo,cobro de cargos relacionados con el servicio publi,solicito amablemente reporte registro pago servicios energía acuerdo matrículas establecidas pues ven reflejados facturas pagos venido realizando regional viejo caldas aclarar dichos solo hacen consumo cada factura deben ser inmediatos siguen generando intereses último solicitamos nuevamente gestión parte empresas prestadoras públicos realice condonación dicho encontramos paz salvo empresa chec abono discrimino aplica asi nombre banco,,2
reclamo,inconformidad con el consumo o produccion facturad,queremos manifestar inconformismo ultima factura llegó semana pasada pues pueden ver anexo febrero mismos tomamos foto registro contador número inferior registra lectura actual generado llegue total pagar duplicado últimos pagos quedamos atentos pronta respuesta así proceder pago,,2
reclamo,inconformidad con el consumo o produccion facturad,adjunto pqr aumento exagerado factura energía,,2
reclamo,estrato incorrecto,usuario envia oficio presenta inconformidad cambio estrato factura consideraciones adjunta,,2
reclamo,estrato incorrecto,usuario envia oficio presenta inconformidad cambio estrato factura consideraciones adjunta,,2
reclamo,subsidios y contribuciones,quisiera saber factura cobrando mil pesos contributiva ser comercial ami parece demasiado emergencia recorte horario trabajo prácticamente pagando arrendó explicación rebajen alto,,2
reclamo,pago sin abono a cuenta,buenos días colaboran diciendo medio correo puedo hacer factura actual mes abril llegó doble pasado marzo pague tarde ahora llevo gracias acá envió pago espero pronto respuesta saber omo pagar,,2
reclamo,cobro de cargos relacionados con el servicio publi,acogiendome derecho peticion consagrado articulo constitucion politica colombia respetuosamente solicito acreditar cuenta pesos descontaron atrevidamente descaradamente bajo modalidad aporte voluntario decreto abril,,2
reclamo,cobro de cargos relacionados con el servicio publi,derecho petición cobros registrados aun asi estan cobrando intereses solicito amablemente revisión pagos venido realizando regional viejo caldas facturas ven adicionalmente sabiendo canceló,,2
reclamo,cobro de cargos relacionados con el servicio publi,derecho petición cobros registrados aun asi estan cobrando intereses solicito amablemente revisión pagos venido realizando regional viejo caldas facturas ven adicionalmente sabiendo canceló,,2
reclamo,inconformidad con el consumo o produccion facturad,motivos hechos alza injustificada recibo energía meses cuenta pandemia incremento consumo seguimos ahorro llevaba normalmente hogar solo vivimos personas permanece sola persona dia dos siguieron laborando presencial entonces vemos justo abuso aposta dias tan dificiles parte económica peticiones consientes abusen usuarios servicios públicos ajusten tarifas acorde realidad colocar dedo precio cobrar mensualmente tener ninguna consideración afecta economía calidad vida promedio kwh dinero mil pesos últimos recibos llegaron,,2
reclamo,cobro de cargos relacionados con el servicio publi,derecho petición cobros registrados aun asi estan cobrando intereses solicito amablemente revisión pagos venido realizando regional viejo caldas facturas ven adicionalmente sabiendo canceló,,2
reclamo,inconformidad con el consumo o produccion facturad,oficio personera municipal lisa maría rivera lopez remite asunto solicitud revisión usuaria ana acevedo ramirez propietaria establecimiento ubicado cra requiere practique instalaciones interna externas debido consumo energía bastante exagerado inicio cuarentena correspondiente facturación adjunta,,2
reclamo,cobro de cargos relacionados con el servicio publi,derecho petición cobros registrados aun asi estan cobrando intereses solicito amablemente revisión pagos venido realizando regional viejo caldas facturas ven adicionalmente sabiendo canceló,,2
reclamo,cobro de cargos relacionados con el servicio publi,derecho petición cobros registrados aun asi estan cobrando intereses solicito amablemente revisión pagos venido realizando regional viejo caldas facturas ven adicionalmente sabiendo canceló,,2
reclamo,inconformidad con el consumo o produccion facturad,deseo conocer motivo incrementado factura energía periodo facturación marzo además ello gobierno implementado medidas rebajas frente cobro ahora subiendo medio crisis coherencia compromiso,,2
reclamo,cobro de cargos relacionados con el servicio publi,derecho petición cobros registrados aun asi estan cobrando intereses solicito amablemente revisión pagos venido realizando regional viejo caldas facturas ven adicionalmente sabiendo canceló,,2
reclamo,cobro de cargos relacionados con el servicio publi,derecho petición cobros registrados aun asi estan cobrando intereses solicito amablemente revisión pagos venido realizando regional viejo caldas facturas ven adicionalmente sabiendo canceló,,2
reclamo,cobro de cargos relacionados con el servicio publi,derecho petición cobros registrados aun asi estan cobrando intereses solicito amablemente revisión pagos venido realizando regional viejo caldas facturas ven adicionalmente sabiendo canceló,,2
reclamo,inconformidad con el consumo o produccion facturad,pague ultima factura llegó carta anexa siempre sido cumplida solicito revisar cuenta acuerdo consumo facturado periodo febrero abril,,2
reclamo,cobro de cargos relacionados con el servicio publi,derecho petición cobros registrados aun asi estan cobrando intereses solicito amablemente revisión pagos venido realizando regional viejo caldas facturas ven adicionalmente sabiendo canceló,,2
reclamo,inconformidad con el consumo o produccion facturad,buenas tardes nombre diana mercedes arroyave comunico ustedes hacerles conocer indignación reclamación aumento servicios públicos periodo cuarentena motivos aparentes importantes consumos facturas agua factura suscriptor manizales luz doc equivalente chec aclaro arrendataria adicionalmente pensionada invalidez cobros exagerados legal interesada acuerdos pago ofreciendo gobierno voy pagar cuota sólo exijo cobre servicio gracias,,2
reclamo,inconformidad con el consumo o produccion facturad,reclama alto consumo enero vamos leer medidor,,2
reclamo,inconformidad con el consumo o produccion facturad,explicar época coyuntura servicio energía sufrió incremento pesos referente mes anterior sabiendo consumos mismos integrantes hogar cambio radiquen misma traslado competencia sspd adjunta oficio factura,,2
reclamo,cobro de cargos relacionados con el servicio publi,derecho petición cobros registrados aun asi estan cobrando intereses solicito amablemente revisión pagos venido realizando regional viejo caldas facturas ven adicionalmente sabiendo canceló,,2
reclamo,inconformidad con el consumo o produccion facturad,buenos tardes magdalena solicitó ustedes manera mas respetuosa revisión facturación anexa local desocupado mes junio febrero presente año adicionalmente aumento exagerará atentamente jorge noel osorio,,2
reclamo,cobro de cargos relacionados con el servicio publi,derecho petición cobros registrados aun asi estan cobrando intereses solicito amablemente revisión pagos venido realizando regional viejo caldas facturas ven adicionalmente sabiendo canceló,,2
reclamo,pago sin abono a cuenta,revisada factura cuenta observo presenta saldo mora entiendo viene cancelando normalidad dentro términos establecidos reportado pagos manera oportuna empresa energía adjunto evidencias anterior expuesto solicito amable colaboración aplicados expedida actualizado,,2
reclamo,inconformidad con el consumo o produccion facturad,acudo medio solicitar revisión lectura contador procedimiento utilizado cobro excesivo servicios energía mes tras vienen exagerado igual manera usuario estrato tres deseo informe seguir parala refinanciacion atendiendo medidas gobierno concerniente alivios pago públicos amanda perez quintero cédula cuenta,,2
reclamo,cobro de cargos relacionados con el servicio publi,derecho petición cobros registrados aun asi estan cobrando intereses solicito amablemente revisión pagos venido realizando regional viejo caldas facturas ven adicionalmente sabiendo canceló,,2
reclamo,cobro de cargos relacionados con el servicio publi,derecho petición cobros registrados aun asi estan cobrando intereses solicito amablemente revisión pagos venido realizando regional viejo caldas facturas ven adicionalmente sabiendo canceló,,2
reclamo,inconformidad con el consumo o produccion facturad,adjunta derecho peticion usuaria presenta inconformidad incremento ultimas dos facturas ver dcto,,2
reclamo,inconformidad con el consumo o produccion facturad,siguiente queja gran incremento recibo energía consumo sido parejo creo justo situación llevando momento quisiera respuesta,,2
reclamo,cobro de cargos relacionados con el servicio publi,empresa chec operador ciudad servicio luz alumbrado público factura mes marzo pagado abril hicieron cobro aporte voluntario decreto cancelar internet dio opción elegir pago comparto energía sistema automáticamente carga total incluyendo dicho parece abuso dado obliga aparentemente solicito devuelvan dinero vuelvan hacer cobros concepto ningún adicional consumo,,2
reclamo,inconformidad con el consumo o produccion facturad,presente continuar queda aumento consumo energia vivienda ubicada barrio naranjos calle piso dosquebradas risaralda mes pasado hice reclamo según empresa bien facturado correcto propietario permiso inquilinos revise observar electrodomésticos verdad parece justo incremento cada factura marzo abril aumentó llego aqui suele llegar tan alta misma tambien personas igual segundo comunicó informarles pienso pagar vea hace respecto,,2
reclamo,inconformidad con el consumo o produccion facturad,denunciar incremento servicio público energía casi casa cambiado siguen mismas personas mismo consumo parece abuso situación emergencia pago hace difícil además aumento exagerado reclamo periodo facturado marzo abril peticiones solicito empresa chec esp dar pronta solución problemática presentada predio acuerdo dicho,,2
reclamo,inconformidad con el consumo o produccion facturad,incremento servicio energía aumento demasiado estimo mes comparación meses anteriores peticiones revisar tan exagerado adjunta correo traslado competencia sspd,,2
reclamo,inconformidad con el consumo o produccion facturad,solicita revise ciclos facturación últimos meses procediendo refacturar cuenta periodo marzo abril ver derecho petición adjunto,,2
reclamo,inconformidad con el consumo o produccion facturad,solicita revisar ciclos facturación meses proceder refacturación cuenta periodo marzo abril haberse incrementado doble ver carta anexa,,2
reclamo,inconformidad con el consumo o produccion facturad,alto costo presentado factura además solicita empresa realice visita domiciliaria descartar daños fugas adjunto correo,,2
reclamo,inconformidad con el consumo o produccion facturad,sobrecosto factura capacidad pagar tan exageradas trabajo veo cada dia mas apretado preocupado sobrecostos peticiones estan cobrando unas sumas energía pago finca estrato cuentas millones sabemos hacer podran revisar numero cuenta completar chec quiere responder predio torre pagan colaboran pese cualquier gestión debe entrar atravesar alimenta vereda varias fincas parece grave aún,,2
reclamo,inconformidad con el consumo o produccion facturad,usuario inconforme consumo facturado periodo predio desocupado factura febrero marzo lectura anterior actual tomada kwh recibo facturan promedio,,2
reclamo,inconformidad con el consumo o produccion facturad,solicita revison facturación altos consumos servicio energía revisión calibración medidor garanticen buen funcionamiento red eléctrica instalada vivienda facturas mensuales dado periodo elevó consumo autoriza enviar correo electrónico respuesta obgeologia hotmail com ver anexo,,2
reclamo,inconformidad con el consumo o produccion facturad,traslado superintendencia normalmente llegaba factura ultimas facturas llegando mil revisar normal aumento utilizando mismos electrodomésticos,,2
reclamo,inconformidad con el consumo o produccion facturad,elevo ustedes derecho petición recibo demasiado cobro error chec adjunto foto recibos,,2
reclamo,inconformidad con el consumo o produccion facturad,traslado superintendencia hacer reclamo recibo chec incremento mes pasado normalmente llegaba llego ahora predio solo viven personas casi electrodomésticos acuerdo incrementos facturas marzo,,2
reclamo,inconformidad con el consumo o produccion facturad,solicitud radicado superintendencia servicios públicos domiciliarios motivo cobro demasiado alto subió luz llego doble pago normalmente petición baje kilovatio cobren,,2
reclamo,inconformidad con el consumo o produccion facturad,pretensiones primero verificar idóneamente consumo energía enviando experto revisar contadores nadie revisado mismo segundo ser favorable reembolsar dinero próximas facturas favor usuario,,2
reclamo,inconformidad con la informacion,reclama cobro periodo comprendido marzo mayo manifiesta consumo mismo,,2
reclamo,inconformidad con el consumo o produccion facturad,remitente sspd superservicios gov traslado territoriales competencia marisol cardona date mié abr subject deseo poner denuncia queja reclamo aumento desmedido cobro servicios públicos dorada caldas luz agua gas grande doble venía pagando tiempo pandemia mayoría personas viven diario estratos pido superintendencia verifique pasando cobros acá además dónde ayuda gobierno alcaldía pronunciado frente madre cabeza hogar desplazada vivo informalidad cédula domiciliarios,,2
reclamo,inconformidad con el consumo o produccion facturad,atención queja allegada agencia ministerio publico parte señor jhon jaime duque díaz identificado manifiesta disgusto incremento factura luz pesos,,2
reclamo,inconformidad con el consumo o produccion facturad,denunciar abuso cobro servicio energía solicitud devolución ajuste facturado corrido año comportamiento sido siguiente periodo enero febrero consumo kwh pago total marzo abril tener cuenta confinamiento obligatorio mayo decir mensual promedio siempre habitado mismas personas agravante inicio luz bajo inaudito mes suba mil sigue siendo igual manera,,2
reclamo,inconformidad con el consumo o produccion facturad,necesito favor colaboren revisión factura mes llego exagerado respuesta atención personalizada atienden teléfono espero tener alguna medio,,2
reclamo,inconformidad con el consumo o produccion facturad,exceso cobro energia electrica veníamos pago equivale consumo promedio subir ahora llega supuesta mente empresa prestadora llego factura pagarla diferencia creen ustedes vamos consumir toda energía mismas personas ademas trabajando normalmente oficinas laboramos,,2
reclamo,inconformidad con el consumo o produccion facturad,usuarios solicitan otorgue subsidio rebajar monto facturas junio dure emergencia además últimos meses incrementado factura cuenta módulos cerrados parte manifiestan bajos recursos comercial,,2
reclamo,inconformidad con el consumo o produccion facturad,usuarios solicitan otorgue subsidio rebajar monto facturas junio dure emergencia además últimos meses incrementado factura cuenta módulos cerrados parte manifiestan bajos recursos comercial,,2
reclamo,inconformidad con el consumo o produccion facturad,usuarios solicitan otorgue subsidio rebajar monto facturas junio dure emergencia además últimos meses incrementado factura cuenta módulos cerrados parte manifiestan bajos recursos comercial,,2
reclamo,inconformidad con el consumo o produccion facturad,usuarios solicitan otorgue subsidio rebajar monto facturas junio dure emergencia además últimos meses incrementado factura cuenta módulos cerrados parte manifiestan bajos recursos comercial debe cambiar nombre solicitante,,2
reclamo,cobro de cargos relacionados con el servicio publi,dia hoy pague verdad entiendo factura aporte escogí igual seguía pareciendo misma decía pago inmediato voy pagar apaorte solicito aclaración igualmente sigan enviando medio físico virtual volvió llegar,,2
reclamo,inconformidad con el consumo o produccion facturad,buenas tardes explican incremento tan grande enero febrero marzo dice saldo anterior entiendo último pago concuerda ninguna factura abril supone ultima sumatoria todas deban total pague,,2
reclamo,inconformidad con el consumo o produccion facturad,reclama consumo facturado comprendido marzo abril,,2
reclamo,inconformidad con el consumo o produccion facturad,traslado competencia factura paso promedio mil aparente razón aunque encontramos cuarentena actuando normalidad persona mas electrodomésticos nuevos ademas solo dos personas casa piezas expuse empresa mando técnico realizo revisión informo normal tenia ningún daño vio cobro excesio peticiones haga justo consume aprovechen situación facturar justa empleo cobren servicios adjunta oficio,,2
reclamo,pago sin abono a cuenta,día abril cancelado pago actual recibo sumado ésta cantidad pagado pido favor revisar puesto semana entrando plataforma pagar mes correspondiente sigue siendo mismo,,2
reclamo,inconformidad con el consumo o produccion facturad,buenas noches nombre jakeline aristizabal hubicada enea calle número hoy mayo llego servicio factura impresionantemente cara pandemia existió ayuda existiendo abuso recidencia consume revicion dicen exceso consumo teléfono,,2
reclamo,inconformidad con el consumo o produccion facturad,buzon chec maria aleida giraldo reclamación alza facturación mensual cuenta adjunta carta,,2
reclamo,inconformidad con el consumo o produccion facturad,inconformidad incremento factura,,2
reclamo,inconformidad con el consumo o produccion facturad,usuarios solicitan otorgue subsidio rebajar monto facturas junio dure emergencia además últimos meses incrementado factura cuenta módulos cerrados parte manifiestan bajos recursos comercial debe cambiar nombre solicitante,,2
reclamo,subsidios y contribuciones,solicita aploiquen elbeneficio exoneracion contribución conformidad rut aportado septiembre,,2
reclamo,inconformidad con el consumo o produccion facturad,presente realizar reclamación incrementos tan injustos realizando empresa chec cobro energia electrica hogares adjunto recibos ultimos meses visualicen realizada solicito manera respetuosa dar solución problemática planteada ajustar factura consumido realmente autorizo voluntariamente prestador servicio público radico petición superservicios uso datos personales acuerdo ley toda citación notificación respuesta requerimiento actuación producto solicitud correo electrónico marelviquintero gmail com,,2
reclamo,inconformidad con el consumo o produccion facturad,cliente realiza reclamación facturado servicio energía vivienda ubicada vereda buenavista dirección casa después escuela numero cuenta meses facturados corresponden marzo abril encontró habitantes reflejado factura concuerda situación mencionada,,2
reclamo,inconformidad con el consumo o produccion facturad,gustavo henao identificado cédula ciudadanía usuario servicio público empresa presta hago siguiente petición derecho otorga constitución nacional ley motivos hechos llego cobro elevado última factura consumo real aumentado tal medida peticiones solicito realicen ajuste correspondiente posible,,2
reclamo,inconformidad con el consumo o produccion facturad,cliente manifiesta descontento incremento facturas,,2
reclamo,inconformidad con el consumo o produccion facturad,usuario solicita revisión facturación restablezcan cobro real consumo pagado mas reintegrado rebajando próximas facturas asimismo revisen instalaciones internas periodos comprendidos febrero marzo,,2
reclamo,inconformidad con el consumo o produccion facturad,celular andrés felipe gutierrez dirijo medio expresar inconformidad respecto consumo facturado corresponde marzo abril exagerado decimos emergencia sanitaria acuerdo esposa laboramos sector salud debido sustitución actual permanecemos mas tiempo laborando hogar adjunta correo,,2
reclamo,inconformidad con el consumo o produccion facturad,nuevamente factura energía llegó consumo alto posible kwh pase segundo mes presenta aumento enviaron operario verificar supuestamente normal dice subieron cosa ustedes deben hacer tome todas precauciones ahorro aún así evidenció conforme voy enviar caso superintendencia facturas correspondientes revisen,,2
reclamo,inconformidad con el consumo o produccion facturad,atención queja allegada agencia ministerio publico local parte señora lina garcia ospina identificada cédula ciudadanía manifiesta inconformidad incremento irracional servicio público luz cobro efectuado residencia dirección calle torre apartamento multifamiliar panorama barrio refleja facturas correspondientes anexan solicitamos respetuosamente allegar personería municipal copia respuesta remitida peticionaria eliana marcela giraldo gallego emgiraldog personeriademanizales gov,,2
reclamo,cobro de otros bienes o servicios en la factura,buenas tardes realicé petición revisión facturas pues mes aparece financié factura asunto realizado documento así pruebe debo respuesta dicen aparecen pagos anexo docum,,2
reclamo,pago sin abono a cuenta,usuario reclama ultima factura llego doble manifiesta abonado ultimo pago realizó periodo comprendido diciembre febrero ahora hacen entrega abril llega,,2
reclamo,inconformidad con el consumo o produccion facturad,solicitud trasladada superintendencia servicios públicos domiciliarios radicado factura incrementado tiempos pandemia tiempo empresa demostrado aprovecharse cobrar acuerdo siempre realizado mismo uso incluso menos días hogar algún momento comunique explicaran justifican lenguaje técnico cobros adicionales finalmente reclamar bien promedio alto peticiones reconocimiento cobro servicio energía vez puesta favor saldos cobrados cuenta incremento casa totalidad mes necesito reembolsado aclaro pague aporte,,2
reclamo,inconformidad con el consumo o produccion facturad,manifiesta descontento incremento insensato servicio publico,,2
reclamo,inconformidad con el consumo o produccion facturad,manifiesta descontento incremento insensato servicio publico,,2
reclamo,inconformidad con el consumo o produccion facturad,usuarios solicitan otorgue subsidio rebajar monto facturas junio dure emergencia además últimos meses incrementado factura cuenta módulos cerrados parte manifiestan bajos recursos comercial debe cambiar nombre solicitante,,2
reclamo,cobro de otros bienes o servicios en la factura,necesito saber comunidad entere factura luz generada chec grupo epm cargando aporte voluntario previa comunicación personal entiendo debieron habérmelo comunicado cargarlo parte quiero hacer pago manera virtual opción negar dicho convirtiéndose obligatorio,,2
reclamo,inconformidad con el consumo o produccion facturad,cobro exagerado factura empece pagando mes febrero marzo ahora corresponde vivienda vivimos dos adultos niño mantenemos casa usamos solo lamparas led entonces entiendo aumento tan estrato favor hagan lectura debe ser cobren mejor conviene justifiquen,,2
reclamo,inconformidad con el consumo o produccion facturad,usuarios solicitan otorgue subsidio rebajar monto facturas junio dure emergencia además últimos meses incrementado factura cuenta módulos cerrados parte manifiestan bajos recursos comercial,,2
reclamo,inconformidad con el consumo o produccion facturad,medio presente solicito verifiquen cobro realizado factura funcionamiento presentado emergencia sido mismo tiempos normales realizaba comprendo generaron tan elevado periodo marzo abril,,2
reclamo,inconformidad con el consumo o produccion facturad,adjunto facturas agua energía correspondientes conjunto acqua apartamento propiedad aprecia imágenes cobro ultimo mes totalmente elevado cuenta consumo meses anteriores dos años casi llevo viviendo domicilio primera vez subida tan elevada adjuntas suman aproximadamente nunca superado ambos servicios peticiones solicito revise irregularidad puedo probar casa vivimos adultos cuarentena solo permanece persona día trabajo,,2
reclamo,inconformidad con el consumo o produccion facturad,solicita revisión mayor consumo acuedo historico cuenta,,2
reclamo,inconformidad con el consumo o produccion facturad,solicitud trasladada superintendencia servicios públicos domiciliarios número radicado inconformidad facturación mes junio adjunta petición,,2
reclamo,inconformidad con el consumo o produccion facturad,traslado superintendencia servicios públicos domiciliarios usuaria inconforme valores facturados requiere devolución mayor pagado meses marzo adjunta petición,,2
reclamo,inconformidad con el consumo o produccion facturad,tele presente solicitarle cordialmente revisión servicios públicos residencia calle chinchiná caldas meses anteriores reflejado aumento injustificable mes dichos parte empresas energía chec gas natural efigas hecho ningún tipo presencia respectiva,,2
reclamo,inconformidad con el consumo o produccion facturad,solicitud traslado competencias superintendencia servicios públicos domiciliarios manifiesta buenas tardes solicitar intervención aumento factura mes,,2
reclamo,inconformidad con el consumo o produccion facturad,trasladado superintendencia servicios públicos domiciliarios motivo factura energía normalmente pesos últimos meses incrementado acuerdo leyendo contadores solo hacen promedios peticiones requiero leídos obtener real,,2
reclamo,inconformidad con el consumo o produccion facturad,peticiono realizar inspeccion ocular tecnica mediciones pertinentes cada circuito carga dependen contador forma inmediata revision tecnico electrica laboratorio certificado personal independiente chec epm correccion facturacion observe claramente real kwh incrementad solo ley ipc vigente vez año darme oportunidad acceso planta solar ultima generacion mayor rendimiento eficiencia adquirida mediante licitacion transparente garantia promovida poliza calidad aseguradora ajena grupo poner practica rerspeto constitucional relacion servicios publicos fundamentales cuento anteriormente descrito aquí documento,,2
reclamo,inconformidad con el consumo o produccion facturad,factura correspondiente servicio marzo abril llegó superior viene cobrandose meses anteriores estrato consumo sido mismo pues tiempo cuarentena esposo laborado normalmente ende mayor estuviesemos casa,,2
reclamo,inconformidad con el consumo o produccion facturad,presente reclamación entorno aumento cobro servicio eléctrico pues tomando referente facturas meses enero febrero nota incremento siguientes marzo junio justo,,2
reclamo,inconformidad con el consumo o produccion facturad,facturas mes respuesta chec desacuerdo variación significativa tener lecturas,,2
reclamo,inconformidad con el consumo o produccion facturad,último recibo llegó pesos mitad usualmente pago capacidad económica asumir precios tan altos peticiones solicito empresa energia chec revise facturación pues corresponde consumo real ajuste precio aplique descuentos subsidios derecho emergencia sanitaria modifique clase usuario vivienda escuela solicitó cobre dinero resuelva reclamo rectifique emita factura parcial habitual artículo recursos ninguna servicios públicos podrá exigir cancelación requisito atender recurso relacionado ésta,,2
reclamo,inconformidad con el consumo o produccion facturad,solicito revisados factura consumo cobrando mediante documento número puesto dobla pagado año anterior mismo periodo total desacuerdo factor multiplicación época cosecha,,2
reclamo,inconformidad con el consumo o produccion facturad,solicito favor revisión consumo energía últimos tres meses pasado adjuntan ultimas facturas periodos feb mar kwh abr may,,2
reclamo,inconformidad con el consumo o produccion facturad,presente junio chec oficina parque caldas cerrado instruccion reclamo facturacion debe ser correo electronico adjunto derecho peticion pico cédula podido salir casi situacion economica dificil crisis,,2
reclamo,inconformidad con el consumo o produccion facturad,solicitud traslado competencias superintendencia servicios públicos domiciliarios realice nueva facturación mes junio dado incremento exorbitante realmente consumí siendo ademas autorización financiaron factura meses haber pedido dicha financiación mas haberme consultado dispuesto pagar sabiendas plena reclamación,,2
reclamo,inconformidad con el consumo o produccion facturad,solicitud traslado competencias superintendencia servicios públicos domiciliarios caso alto consumo haciendo ultimas facturas energia casa dos viviendas solo medidor luz toda emergencia covi vivienda desucupada total adjunto peticion,,2
reclamo,inconformidad con el consumo o produccion facturad,tel consumo mínimo paso mayor parte día trabajo mes pasado cancelé pesos periodo mar abr llega cobro pago may parece alto utilizo servicio debo pagarlo solicitud respetuosa respectiva revisión ajustes aplicar orientaciones dado gobierno nacional cuenta situación emergencia sanitaria causa covid,,2
reclamo,inconformidad con el consumo o produccion facturad,solicitud traslado competencias superintendencia servicios públicos domiciliarios solicito ajuste debido factura acorde consumo normal mes asumiré costos reconeccion multas tasas interés mora den solución vez exijo provisional mientas dan soluciona valores discutidos adjunta peticion,,2
reclamo,inconformidad con el consumo o produccion facturad,traslado competencias superintendencia servicios públicos domiciliarios quiero reportar alto cobro llegando facturas chec central hidroeléctrica caldas colmo plena cuarentena haciendo alzas razón ojalá paren abuso devuelvan cobrado contacta usuaria cel reclamación aporta datos cuenta informa num,,2
reclamo,inconformidad con el consumo o produccion facturad,solicitud traslado competencias superintendencia servicios públicos domiciliarios dirijo uds mostrar costo comparación meses anteriores empresas prestadoras dicen normal bien facturado embargo incongruencia frente demás cuenta casa dos sola,,2
reclamo,inconformidad con el consumo o produccion facturad,peticionaria hace recuento reclamacion anterior motivos inconformidad espera respuesta parte sspd ingresa reclamo ultimo mes facturado,,2
reclamo,inconformidad con el consumo o produccion facturad,permito indicar hace dos meses notado incremento factura cara anteriores razón solicitar nueva lectura medidor revisión fin reevaluado,,2
reclamo,inconformidad con el consumo o produccion facturad,traslado superintendencia servicios públicos domiciliarios motivos hechos solicito reclamacion empresa energia factura normal mes corresponde mil pesos actual pasado promediaron servicio llega valores peso periodo mayo abril cuales acuerdo acorde consumo diario pago peticiones ajuste debido facturas asumiré costos reconexion multas tasas interés mora den solución vez exijo provisional mientas dan soluciona discutidos,,2
reclamo,inconformidad con el consumo o produccion facturad,solicitó usted manera mas respetuosa revisión facturación anexa venía bien dos últimos pagos subió exagerada mes julio,,2
reclamo,inconformidad con el consumo o produccion facturad,traslado superintendencia servicios públicos domiciliarios motivos hechos empezó cuarentena subido cada mes servicio solo luz sino gas agua mayor problema esposa seguimos trabajando normal trabajo call center ciudad área soporte técnico interno entonces horario trabaja clínica permanecemos casa incluso comprando almuerzo domicilio queda tiempo preparar peticiones verifiquen deben haciendo promedio facturación conjunto pueden ingresar hacer lectura medidores,,2
reclamo,subsidios y contribuciones,usuario solicita retroactividad cobro contribucion viene cobrando varios meses atras negaron situado oficina consumo taller van conectadas lineas directamente pueden visitar,,2
reclamo,inconformidad con el consumo o produccion facturad,medio presente dirigimos ustedes hacer reclamación cobro efectuado periodo dicho tema cuarentena laboramos dias viendo similar meses anteriores producción solicitamos favor revisar nuevamente factura cuenta nombre grodco,,2
reclamo,inconformidad con el consumo o produccion facturad,reevaluar cobro arbitrario facturacion comprendida marzo mayo,,2
reclamo,inconformidad con el consumo o produccion facturad,atención copia remitida señor jesús antonio rios superintendencia servicios públicos domiciliarios dirección territorial occidente radicado asunto mani fiesta inconformidad prestadora chec esp cobro servicio facturado periodos comprendidos enero febrero marzo abril,,2
reclamo,inconformidad con el consumo o produccion facturad,traslado competencias superintendencia servicios públicos domiciliarios inconformidad respecta proceso facturación junio incremento superior adjunta petición,,2
reclamo,inconformidad con el consumo o produccion facturad,solicitud revisión incremento inesperado ultimas facturas,,2
reclamo,inconformidad con el consumo o produccion facturad,solicitud traslado competencias superintendencia servicios públicos domiciliarios servicio luz llegando caro seguimos viviendo misma casa mismas personas mismos electrodomésticos cara llegaba última llegó adjunta foto factura,,2
reclamo,inconformidad con el consumo o produccion facturad,observa incremento ultimos meses adicionalmnte revisar estrato,,2
reclamo,inconformidad con el consumo o produccion facturad,traslado superintendencia servicios públicos domiciliarios almacén prendas vestir cerrado marzo junio cobro factura disminuyo puesto realizo supervision física contador sacaron promedio vulnerando derechos perjudicando situación actual adjunta peticion,,2
reclamo,inconformidad con el consumo o produccion facturad,peticionaria solicita revisar factrua organizar consumo alta,,2
reclamo,inconformidad con el consumo o produccion facturad,factura mayo abril incremento exagerado anterior solicito realicen respectivo descuento estan cobrando justifica alza desproporcional parte dicha empresa,,2
reclamo,inconformidad con el consumo o produccion facturad,continuación envío solicitud reclamo incremento indiscriminado cuarentena anotar dicha propiedad solamente habita persona mayor años permanecido mismo tiempo época pandemia normal injustificado consumo kwh pasando así anexa formal documentos adjuntos evidencia favor proceder respectivo ajuste cuenta real promedio últimos meses,,2
reclamo,inconformidad con el consumo o produccion facturad,deseo revise factruacion junio llega casi doble cobro alumrado publico cancelado,,2
reclamo,pago sin abono a cuenta,factura actual aparece cobro dice saldo anterior llegó cuales cancelaron totalidad susuerte día solicito pues envíen corregida correo luisferjara yahoo com proceder pago respectivo,,2
reclamo,inconformidad con el consumo o produccion facturad,amablemente solicito revisión consumo luz apartamento llegando cobro monetario elevado parte,,2
reclamo,inconformidad con el consumo o produccion facturad,solicitud trasladada superintendencia servicios públicos domiciliarios asunto incremento servicio energía buenos días presente correo anexo copia recibo luz llegó costoso inquilino manifiesta encuentra casa mayoría tiempo pandemia hermana vez ver descenso visto aumento,,2
reclamo,inconformidad con el consumo o produccion facturad,solicitud traslado competencias sspd radicado presentó desviación significativa factura llegó promedio siempre sido,,2
reclamo,cobros por promedio,solicitud traslado competencias superintendencia servicios públicos domiciliarios recibimos factura cancelar día junio pesos sorpresa jueves llega documento adicional decía ajuste funcionario entrego dijo debíamos alto recibo energía contador encontraba frenado ahora promedio realizaban adjunto petición,,2
reclamo,inconformidad con el consumo o produccion facturad,usuario inconforme consumo mayo junio solicita reajueste nueva factura argumenta existe razon aumento,,2
reclamo,inconformidad con el consumo o produccion facturad,cliente afirma consumo alto ademas puede pagar factura empleo,,2
reclamo,inconformidad con el consumo o produccion facturad,solicitud traslado competencias sspd radicado presente objeto contiene presentar queja excesivo cobro recibo energía anterior sustentado siguientes conceptos,,2
reclamo,inconformidad con el consumo o produccion facturad,usuario inconforme consumo periodo manifiesta cara factura energía,,2
reclamo,inconformidad con el consumo o produccion facturad,alarmada incremento facturas ultimo trimestre duplicado casi triplicado gustaria informaran situación ultima factura pensé iba bajar casa horas dia permanece nadie,,2
reclamo,inconformidad con el consumo o produccion facturad,cliente atraves superintendneica servicios publkicos domiciliarios manifiesta inconformidad consumo corrido año,,2
reclamo,inconformidad con el consumo o produccion facturad,inconforme facturación periodo llego elevado recibo solicito refacturen corrijan error acostumbro tener consumo trasladó superintendencia,,2
reclamo,inconformidad con el consumo o produccion facturad,requiero revisión facturación subido mas,,2
reclamo,inconformidad con el consumo o produccion facturad,recibe traslado competencia sspd radicado reclamo cobro excesivo servicio energía chec,,2
reclamo,inconformidad con el consumo o produccion facturad,petición deben revisar cobros haciendo descalabro nadie predio ladrones abuzan usuario existieron suposiciones emergencia supone personas habitan cada hogar permanecen allí pues bien equivocados miserables cobre país abusos empresas funcionarios roban,,2
reclamo,cobro de cargos relacionados con el servicio publi,pido señores informen debo hacer quién acudir reembolsen cuatro períodos incluyendo vez vengo directamente oficina invama tocado desplazarme finca vereda manzanares ciudad manizales jeep pasaje costosísimo pasajes busetas comidas internet impresiones desprecios malos tratos todas demás inconvenientes hacen sentir maltratada personas parte señor octavio aún maleducado grosero victor hugo arango herrera agradezco atención anhelo puedan dar prontas positivas respuestas,,2
reclamo,cobro de acuerdo de pago o financiacion,solicitud traslado competencias superintendencia servicios públicos domiciliarios denuncia factura mes mayo cancelada junio consolidado facturado cobro financiamiento social discriminado cuadro productos dándonos cuenta sabemos anexo foto exijo devolución dinero consentimiento,,2
reclamo,pago sin abono a cuenta,buenas tardes manera atenta vez recibida factura inmueble san sebastián número cuenta correspondiente consumo mes junio observa cobro saldo anterior mayo cancelada anexa soporte pago anotar llega tardía permitiendo oportuno parte agradezco colaboración respecto generado claridad atención mil gracias quedo continuar trámite,,2
reclamo,inconformidad con el consumo o produccion facturad,dia jul realizo pago factura llego periodo facturado may jun consumo energía figurada dicha solicitamos expliquen debe conceptos,,2
reclamo,cobro de cargos relacionados con el servicio publi,presente reclamando doble facturación alumbrado público pagar entes factura cuenta pagos debitados automaticamente ahorros colpatria solicito cordialmente corrección pago entiendo error humano pagaré agrade persona lea corrija incidente atentamente trejos montoya aleyda manzana casa piamonte tel,,2
reclamo,inconformidad con el consumo o produccion facturad,inconformidad dos últimas facturas recibidas peticion adjunta,,2
reclamo,pago sin abono a cuenta,buenos dias envio nombre claudia andrea castro perez cédula villamaria anexo comprobante pago facturas junio canceladas favor colaboren cobrados tiempo muestra parte inferior izquierda factura concepto numero telefono,,2
reclamo,inconformidad con el consumo o produccion facturad,solicitar valiosa colaboración medio empresa realice visita estación policía marulanda fin llevar cabo revisión contador energía verificar encuentren excelente funcionamiento conexiones adulteradas fraudulentas anterior cuenta incremento presentado mes además dando cumplimiento lineamientos austeridad gasto concepto servicios públicos establecidos guía implementación programas gestión ambiental nacional identificada código instructivo dipon ofpla parámetros ahorro uso eficiente agua instalaciones policiales febrero abril junio agosto,,2
reclamo,cobro de acuerdo de pago o financiacion,solicitud traslado competencias sspd radicado factura comprendida jun jul presenta consumo normal cuota exorbitante establecido brindado respuesta coherente causa solicito estudiada situación presentada facturación residencia arbitrariamente hacen cobro exagerado,,2
reclamo,inconformidad con el consumo o produccion facturad,solicito favor visita revisión últimos meses aumentado considerablemente consumo energía casa siguen mismos electrodomésticos marzo presentó corto ahí aumento,,2
reclamo,inconformidad con el consumo o produccion facturad,solicitud traslado competencias sspd radicado solicito empresa haga revicion caso saber ocurriendo razon incremento tan exsagerado injustificado muchas gracias ver adjunto,,2
reclamo,inconformidad con el consumo o produccion facturad,buenos días podrían confirmar vivienda estrato valores cobran corresponden número cta inquilino muchas gracias,,2
reclamo,inconformidad con el consumo o produccion facturad,solicitud traslado competencias sspd radicado reclamo cobro excesivo servicio energía chec mes junio periodo mayo juni ver adjunto,,2
reclamo,inconformidad con el consumo o produccion facturad,solicitud traslado competencias sspd radicado agosto proceda eliminar retirar cobro realizado través documento denominado comprobante pago conceptos exigiendo pagar suma facturar cada periodo corresponde acuerdo consumo reporte medidor futuras revisiones emitir siempre respectiva acta verificación constancia visitas realicen ver adjunto,,2
reclamo,inconformidad con el consumo o produccion facturad,solicitud traslado competencias sspd radicado ver adjunto,,2
reclamo,inconformidad con el consumo o produccion facturad,revisión completa adjunta solicitud escrita presenta inconformidad alto consumo cobros promedio propio estrato respuesta correo acueductosanfrancisco hotmail com,,2
reclamo,inconformidad con el consumo o produccion facturad,solicitud traslado competencias sspd radicado revisar cobros vienen haciendo pues consumo sola persona alto,,2
reclamo,inconformidad con el consumo o produccion facturad,vuenas tardes nueva mente dirijo ustedes asiendo reclamo segundo resibo llega tan caro mas anterior,,2
reclamo,inconformidad con el consumo o produccion facturad,peticionario manifiesta inonformidad deisiones emituds empresa hechos nuevo adjunta facturas junio julio cuales tomaran objeto reclamo actual,,2
reclamo,pago sin abono a cuenta,verificación respectiva aplicación pagos realizados cuenta sido notificados según formato exigido ustedes correo recaudoempresarial chec com igual manera permito solicitar favor revise demás cuentas nombre cfc traen saldos diferido obligaciones cuotas,,2
reclamo,inconformidad con el consumo o produccion facturad,motivo escribo medio debido nunca incremento factura energía reclamo comenzó año marzo abril pagaba pesos precio alto solía llegar luego mayo junio julio agosto cada vez irá ascendiendo explicación alguna,,2
reclamo,pago sin abono a cuenta,solicitud traslado competencias sspd radicado recibido realice pago energía agosto guatica risaralda puestos apostar reflejado recibos ver adjunto,,2
reclamo,inconformidad con el consumo o produccion facturad,solicitud traslado sspd radicado pagaba factura mes vino subió mas mitad además nevera casa permanece sola,,2
reclamo,inconformidad con el consumo o produccion facturad,solicito revisión cobros pandemia revision conexiones condominio aeropuerto adicional pone queja cobro factura encuentra paga mes abril,,2
reclamo,inconformidad con el consumo o produccion facturad,solicitud traslado competencias superintendencia servicios públicos domiciliarios solicito ajuste debido factura acorde consumo normal mes asumiré costos reconexion multas tasas interés mora den solución vez exijo provisional mientas dan soluciona valores discutidos adjunto,,2
recurso,solicitud de rompimiento de solidaridad,recurrente interpone recurso manifestando inconformidad cobro require rompimiento solidaridad,93.0,4
recurso,inconformidad con el consumo o produccion facturad,cliente manifista inconformidad respuesta pues indica revisado inmueble tecnicamente,84.0,4
recurso,inconformidad con el consumo o produccion facturad,cliente manifiesta inconformidad consumo facturado pues error lectura,69.0,4
recurso,inconformidad con el consumo o produccion facturad,cliente informa encuentra acuerdo rta dado ejecutado revisión tecnica,69.0,4
recurso,pago sin abono a cuenta,requiere devolución pago doble aplicado consignado cuenta bancaria tambien inconforme realizado banco popular,109.0,4
recurso,inconformidad con el consumo o produccion facturad,inconforme informacion facturado conforme irregularidad encontrada predio,73.0,4
recurso,inconformidad con el consumo o produccion facturad,cliente interpone recurso reposicion apelacion frente respuesta emitida empresa,79.0,4
recurso,inconformidad con el consumo o produccion facturad,horas mañana dia hoy recibi resultado reclamación satisfactorio anexa carta,75.0,4
recurso,inconformidad con el consumo o produccion facturad,inconforme informacion facturado conforme irregularidad encontrada predio,73.0,4
recurso,inconformidad con el consumo o produccion facturad,pretensiones tras planteado acápite anterior hace pertinente solicitar presente recurso reposición subsidio apelación siguiente,127.0,4
recurso,inconformidad con el consumo o produccion facturad,base anterior solicito reponer respuesta dada empresa chec esp evidencia violación debido proceso aspectos mencionados anteriormente refacturado correspondiente saldo favor próxima factura pagar igualmente cobrado costo reconexión servicio,239.0,4
recurso,inconformidad con el consumo o produccion facturad,inconformidad radicado pienso error lectura medidor encuentra mas metro retirado reja mes facturado aumento dic personas casa,125.0,4
recurso,inconformidad con el consumo o produccion facturad,comparado meses anteriores meces continuos mes febrero llego recibo doble normal periodo vacaciones familia costa casa quedo nadie continuacion documentos corroboran anteriormente dicho porfavor hacer ajuste real factura desmedida descarada,240.0,4
recurso,inconformidad con el consumo o produccion facturad,horas mañana dia hoy recibi resultado reclamación satisfactorio anexa carta,75.0,4
recurso,inconformidad con el consumo o produccion facturad,solo pido porfavor solucionen alto pagar facturas justo cobro llevamos años domicilio consumos sido siempre mas lavadora nevera bombillos ahorradores puesa consumir negocio llega tan costoso pedimos revisen contador verifiquen miento asi darnos solución,253.0,4
recurso,inconformidad con el consumo o produccion facturad,pretensiones tras planteado acápite anterior hace pertinente solicitar presente recurso reposición subsidio apelación siguiente,127.0,4
recurso,inconformidad con el consumo o produccion facturad,buenas tardes hago reclamacion consumo factura supera promedio hice solicitud considero pagar pues normal siempre paga solicito pagos realizados autoricen ene feb,162.0,4
recurso,inconformidad con el consumo o produccion facturad,base anterior solicito reponer respuesta dada empresa chec esp evidencia violación debido proceso aspectos mencionados anteriormente refacturado correspondiente saldo favor próxima factura pagar igualmente cobrado costo reconexión servicio,239.0,4
recurso,cobros por promedio,presento recurso reposición solicitud reclamación error lectura generó cobro mayor realmente consumido incluso promedio justo consumo normal nunca supera solución,162.0,4
recurso,cobros inoportunos,usuaria manifiesta inconformidad respuesta emitida proceso coherente consumos instalación indica acuerdo facturas promediadas acceso contador tomen lecturas reales,163.0,4
recurso,inconformidad con el consumo o produccion facturad,solicito realizar recurso apelacion respuesta informa aumento estrato tan alto consumo valores agregados aumentado,114.0,4
recurso,inconformidad con el consumo o produccion facturad,buenas tardes solicitud apelar reclamo hice días pasados respuesta recibí acuerdo puede ser posible recibo aumente pesos normal total abuso atropello parte empresa necesito cobren justo saquen excusas tontas justificarsen soluciones,232.0,4
recurso,inconformidad con el consumo o produccion facturad,acuerdo solución dieron dividir facturas dos meses supuesto error lectura cuenta ultimo periodo laboro establecimiento imposible pagar hecho,140.0,4
recurso,inconformidad con el consumo o produccion facturad,asumiendo deba confinamiento embargo momento presenté inconformidad expresé claramente hacía injusto incremento precisamente inmueble hace meses motivo presenten consumos tan elevados siquiera permanecía constantemente dentro presentaba exagerados gastos además llevo año residiendo dicho siempre residido solo concuerda incluso llegado pensar pagando realmente consumo,369.0,4
recurso,inconformidad con el consumo o produccion facturad,hogar mismas personas habitan casa ningún electrodoméstico nuevo contrario utilizando únicamente necesario mientras aislamiento obligatorio además tiempo mantenido mismo consumo kilovatios según historial facturas contemplamos posibilidad errores factura cobrado cada kilovatio cuenta corresponde estrato,304.0,4
recurso,inconformidad con el consumo o produccion facturad,usuario presenta recurso pues manifiesta acuerdo facturado,58.0,4
recurso,inconformidad con el consumo o produccion facturad,sustento recurso siguientes razones casa estrato dos solo nevera congelador posible condiciones llegue factura monto sumamente costoso siempre llegado elevado adicional energía misma plantas hace meses independizo cada planta genera mismo consumo predio pueden verificar nuevo contador casas comprendo cómo menos sigue llegando cara pide información hacer reajuste cobro,370.0,4
recurso,inconformidad con el consumo o produccion facturad,acuerdo respuesta reclamación emitida abril reclamo pago cambios rutina tampoco nuevos electrodómesticos generarán aumento hago uso elementos plancha horno agradezco,165.0,4
recurso,inconformidad con el consumo o produccion facturad,pido amablemente cobren promedio hace años vengo consumiendo revisan extractos nunca superado kwh hecho pueden observar año pasado presente aumentado pues irracional ilógico aumento deliberado,192.0,4
recurso,inconformidad con el consumo o produccion facturad,recurso reposición pqr radicado respuesta indican revisión consumos últimos meses nunca venido casa revisar medidor hace seis disminuyó uso electrodomésticos cantidad personas habitan vivienda solicitó hacer física consumo,222.0,4
recurso,cobros inoportunos,manifiestan haga efectivo abono debo presentar recibo pago efectuado día septiembre contrariedad ustedes exponen respuesta dicen textualmente factura cancelada embargo octubre empresa red solicito reversión accedieron ósea usuario verme perjudicado inconvenientes lugar parte además pasado siete meses inconveniente ahora vienen hacer cobro oportuno sido mes siguiente así haber guardado facturación realizado suelo guardar cinco anterior pido exoneren realice,460.0,4
recurso,inconformidad con el consumo o produccion facturad,conformidad expuesto solicito central hidroeléctrica caldas chec revocar decisión contenida oficio respuesta solicitud reclamación suscrita señor gabriel eduardo gómez rondón dentro radicado lugar disponga acceder elevada suscrito reconociendo valores pagados exceso factura servicio energía eléctrica inmueble ubicado diagonal barrio santa isabel dosquebradas,360.0,4
recurso,inconformidad con el consumo o produccion facturad,superservicios hace traslado requerimiento cliente manifiesta inconformidad respuesta emitida empresa factura,109.0,4
recurso,inconformidad con el consumo o produccion facturad,solicito reponer respuesta dada empresa chec esp evidencia violación debido proceso aspectos mencionados anteriormente refacturado correspondiente kilovatios saldo favor próxima factura pagar,191.0,4
recurso,inconformidad con el consumo o produccion facturad,agradecemos infinitamente noble propuesta congelar cuenta diferirla meses ocasión beneficios otorgados gobierno nacional estragos covid reiteramos empresa compartimos respuesta aún inmueble encuentra estrato agotaremos todas instancias posibles dispuestos ser atropellados manera tan irracional,294.0,4
recurso,inconformidad con el consumo o produccion facturad,señores chec acuerdo respuesta dada ustedes frente queja casa permanece candado ningún momento llamado revisar medidor ponen plazca leer pienso pagar errores revisan lectura toman necesito urgentemente atentamente luzmila velez quiceno,235.0,4
recurso,cobro de cargos relacionados con el servicio publi,proceso entiendo dos valores diferentes ustedes consultaron decidíamos pagar unilateralmente decidieron tomar aporte voluntario nunca autorizamos aprobamos necesitamos devolución pesos anexarlo saldo favor,205.0,4
recurso,inconformidad con el consumo o produccion facturad,lógico lectura anterior decir correspondiente febrero marzo cálculo consumo reclama abril sido sabiendo local cerrado,117.0,4
recurso,inconformidad con el consumo o produccion facturad,aumento factura desmedido respuesta queja número radicado negativa pretensión día viernes mayo tal razón solicito recurso reposición subsidio apelación superservocios quedo atento cualquier comunicación,202.0,4
recurso,inconformidad con el consumo o produccion facturad,reclamacion sasfecha respuesta aclarado conceptos facturas aparecen lecturas consumos dispersos,95.0,4
recurso,inconformidad con el consumo o produccion facturad,realizo siguiente apelación incremento facturación enero año mayo mismo cuenta finales utilizaba pipa oxigeno adulto mayor falleció ende utiliza aquella sigue cobrando exceso normal,181.0,4
recurso,inconformidad con el consumo o produccion facturad,envió recurso reposición anexa documento observa entrega concentrador agradezco atención,88.0,4
recurso,inconformidad con el consumo o produccion facturad,recurso reposición acuerdo respuesta dada consumo familia personas dos estan covi bombillo alumbra nevera congela alimentos casa comprado nuevos articularlos electrodomésticos mismo siempre,189.0,4
recurso,inconformidad con el consumo o produccion facturad,apelación manifiesto manera respetuosa inconformidad respuesta previo reclamo inconsistencia facturación servicio energía puedo notar considero mencionado reclamación haciendo caso omiso derechos legales usuarios contenidos ley decreto atentamente solicito considerar plenamente expuesto puede corroborar documento adjunto siempre trabajado instructora virtual oficio desempeñado residencia ello aumento automático aplicado promedio consumo aplica particular condiciones cambiado razón covid medida tomada ustedes incrementado alto porcentaje contraviene directrices normativa legal establecidas superintendencia servicios públicos viol,636.0,4
recurso,inconformidad con el consumo o produccion facturad,según reclamo realizado acuerdo respuesta proceso siendo satisfactoria deseo continuar recurso reposición resuelto superintendencia servicios públicos domiciliarios,164.0,4
recurso,inconformidad con el consumo o produccion facturad,motivos inconformidad escriba razones desacuerdo respuesta dieron deacuerdo dada chec prestadora servicio domicilio llegado varias ocasiones mismo técnico funcionario empresa revisar contador trae orden abrirlo hacerle reparaciones pues hace meses vino casa destapo mano dijo factura llegaría costosa madre persona anciana entiende dice puso ceros llegue nuevamente asi llega mes enero febrero realice reclamo hacen reclamación parece decir periodo febr entonces total acumulado imposible,488.0,4
recurso,inconformidad con el consumo o produccion facturad,desacuerdo decisión incremento facturas última devuelvan excedente inmueble deshabitado,87.0,4
recurso,inconformidad con el consumo o produccion facturad,pido compañía chec superintendencia servicios haga revisión completa parte empresa contador cableado interior exterior electrodomésticos pudieron haber dañado mala manipulación cables corrijan facturas meses vimos afectados reitero consumos adicionales generaron después incidentes mencionados anteriormente conexiones casa mal uso energía técnicos quieren hacer ver,366.0,4
recurso,inconformidad con el consumo o produccion facturad,usuario presenta escrito inconformidad respuesta reclamo informa existió desviación significativa investigada empresa,117.0,4
recurso,inconformidad con el consumo o produccion facturad,dieron respuesta igual toca pagar factura apelacion dan solucion,64.0,4
recurso,inconformidad con el consumo o produccion facturad,cliente manifiesta inconformidad rta pues indica cobro excesivo predio habitando persona menos,94.0,4
recurso,inconformidad con el consumo o produccion facturad,conforme respuesta reclamación apto solo vivimos esposo trabajo ende hago teletrabajo estudio trabaja telecomunicaciones paró confinamiento sigue rutina habitual tal razón consumo mismo siempre,193.0,4
recurso,inconformidad con el consumo o produccion facturad,solicito revoque decisión ajustarse consagrado comisión regulación energía gas ley empresa exonere cobros generados siga facturando consumo promedio,148.0,4
recurso,inconformidad con el consumo o produccion facturad,buenas tardes total mente desacuerdo respuesta funcionario respondió queja dio enterado dirigiendo negocio cerrar culpa covi casa manifiesta tal motivo pido comedida miren caso esperando muchas gracias,201.0,4
recurso,inconformidad con el consumo o produccion facturad,presento recurso reposición subsidio apelación decisión abril numero proceso,76.0,4
recurso,inconformidad con el consumo o produccion facturad,acogerme recursos reposición chech subsidio apelación resuelto superintendencia servicios públicos domiciliarios,112.0,4
recurso,inconformidad con el consumo o produccion facturad,buenas noches solicito recurso reposición según respuesta solicitud número indican parece mas adecuada reclamación alto consumo facturado recomiendan revisión técnico,166.0,4
recurso,inconformidad con el consumo o produccion facturad,encuentro acuerdo respuesta brindada requerimiento solicito ajuste factura predio encuentra desocupado decir debería tener consumo misma menciona facturación,157.0,4
recurso,inconformidad con el consumo o produccion facturad,acuerdo desición mismos electrodomesticos utilizo focos dia exajerada factura pagar justo necesito den solución algún error sistema consuma dinero luz,150.0,4
recurso,inconformidad con el consumo o produccion facturad,comedidamente dirijo ustedes solicitar recurso reposición subsidio apelación llevar respectivo proceso superintendencia servicios públicos domiciliarios así continuar correspondiente caso cuanto administrativo refiere agradezco oportuna valiosa atención,253.0,4
recurso,inconformidad con el consumo o produccion facturad,inconformidad repuesta manifiestan incremento genero supuestamente mas electrodomesticos personas cosa así,106.0,4
recurso,inconformidad con el consumo o produccion facturad,puse queja chec cobrando consumo kilovatios respondieron sido pagar período comprendido marzo abril preguntó periodo febrero pagué total incluido alumbrado incremento gracias,174.0,4
recurso,subsidios y contribuciones,solicito recurso reposicion apelacion superintendencia,54.0,4
recurso,inconformidad con el consumo o produccion facturad,inconformidad solicitud quedando conforme respuesta incremento consumo,70.0,4
recurso,inconformidad con el consumo o produccion facturad,buenos dias nombre luis hernan mercado chinchina caldas hace recibi respuesta ustedes inconformidad respecto costo factura predio dicen habian promediado dejamos ingresar personal pandemia respondo falso entrar motivo grupo contratistas decian venir cambiar fusibles negamos venian pertinentes cuidados tapabocas cuidado alguno disgustado decia ojala quedaramos energia ahi joden entonces escuchar pues peor aun situacion menos dejo hecho empresa dispongan obligaciones logica mas beneficiados obligan pagar costos ridiculos energía sobrepasan,543.0,4
recurso,inconformidad con el consumo o produccion facturad,periodos febrero marzo pagados recibo adjunto solicito corrección expedición factura abril,90.0,4
recurso,inconformidad con el consumo o produccion facturad,apelo respuesta dada reclamación alto factura consumos pasan kilovatios mes marzo consumo tal razón posible aumente doble evidencio visita técnica solo persona vive residencia,175.0,4
recurso,inconformidad con el consumo o produccion facturad,pagaba febrero aumentó marzo abril allí cancelé mayo llegó podía pagar suma comuniqué empresa prestadora servicio chec dieron ninguna solución ahora nuevamente llega cobrando veces atropello cobro tan elevado dos personas vivimos aquí peticiones contador revisado comunicaron bien entiendo pasa consumo pido problema grave forma alzas acomodaron momento espero ofrezcan financiación gran injusticia debe,403.0,4
recurso,inconformidad con el consumo o produccion facturad,adjunto archivo recursos reposición apelación subsidio,54.0,4
recurso,inconformidad con el consumo o produccion facturad,adjunto respuesta reclamación proceso recibo promedio pago sugerido continuar,77.0,4
recurso,inconformidad con el consumo o produccion facturad,pretensiones acuerdo solicitado manifestando inconformismo pagar consumo promedio casa usuaria habitando informando desocupada meses enero febrero realizado visita facturado encontraba deshabitada demuestra dueño pagado solicito comedidamente total recibo mes mayo realizaron canceló descontado siguiente factura energía luz grupo chec epm,339.0,4
recurso,inconformidad con el consumo o produccion facturad,reitero petición análisis detallado profundo extendido hacia año pueda diagnosticar falta información igual respuesta relacionado consumo parte nevera único actualmente genera gasto puede convertir excusa nueva deseo tener reporte facturación indicada inicio éste espero beneficio recurso reposición vea reflejado disminución valores futuros ustedes mismos mencionaron efectos cuarentena seguramente visitaré propiedad buen tiempo valga hacer alusión años pagados alumbrado público verificaron informaron gestionara eliminación dicho cobro pasa favor usuario habitual reclamaciones,581.0,4
recurso,inconformidad con el consumo o produccion facturad,recurso reposición subsidio apelación alto consumo facturación enero mayo,73.0,4
recurso,inconformidad con el consumo o produccion facturad,observaciones buenas tardes señores chec adjunto fotos facturas reporte contadores lineas trocadas medidor robando energia casa esposo situada callelarga vereda palo requerimos devolucion dinero evidentemente,208.0,4
recurso,inconformidad con el consumo o produccion facturad,acuerdo respuesta enviada día ayer junio funcionaria hilda lorena gonzales lópez mediante proceso realizó inconformidad facturación meses inmueble encuentra nadie generar consumo venido facturando adicional llamada chec informó iba realizar visita indicó debía ser previo aviso marzo personas habitan predio salieron pasar confinamiento ciudad aun dicha dirección según correo enviado informando ninguna anomalía servicio pagar totalidad apelamos esperando primero realice,472.0,4
recurso,inconformidad con el consumo o produccion facturad,solicito chec aclare inmuebles establecimientos comercio pertenece consumo asociado medidor número cuenta enunciados reclamación decir determine corresponde varios manera clara identifique correspondiente inmueble cobrado solamente facturas energía eléctrica hagan estudios pruebas necesarias identificar cuál sido real partir marzo suspendido completo actividad económica desarrolla,383.0,4
recurso,inconformidad con el consumo o produccion facturad,solicito nuevo ustedes entidad prestadora servicio tener cuenta acá expuesto parte hagan ajustes correspondientes revisar medidor lectura darle pronta solución tema momento costo energía normalmente meses máximo,211.0,4
recurso,inconformidad con el consumo o produccion facturad,medio presente quiero exigir empresa den respuesta argumentada justificada situación anómala presentada residencia consumo energía bien según mediciones realizadas medidor muestran aumento consecutivo claro existe factor identificado ocasionado desmedida medición revisión interna red eléctrica realizada ustedes mismos profesional particular arrojo ninguna alteración falla habitantes mismas personas electrodomésticos razón motivo aparente alguno pasa tener promedio kwh costo pasar evidencia periodo facturado marzo abril exorbitante generado comprendido febr,562.0,4
recurso,inconformidad con el consumo o produccion facturad,solicito modificación decisión reajuste cobro factura realizando revisión exhaustiva pueda determinar causa aparente aumento consumo pues expuse anteriormente encuentro justificación tan elevado,194.0,4
recurso,inconformidad con el consumo o produccion facturad,cliente interpone recurso reposición apelación inconformdad respuesta emitida chec anexa carta,94.0,4
recurso,inconformidad con el consumo o produccion facturad,recurso reposición subsidio apelación decisión proceso reclamación mayo notificado correo electrónico,101.0,4
recurso,inconformidad con el consumo o produccion facturad,interposición recurso reposición subsidio apelación,51.0,4
recurso,inconformidad con el consumo o produccion facturad,informa objeto reclamo cifra además técnico vino dijo contador dejaba ver lectura subido acomodado vieran ahora conveniente ustedes cobrar sabe consumido atropello,163.0,4
recurso,inconformidad con el consumo o produccion facturad,presento recurso capacidad pagar ingreso mil pesos divide gastos hija discapacitada,83.0,4
recurso,inconformidad con el consumo o produccion facturad,buenas noches realizo solicitud acepto respuesta parte chec domicilio siempre sido mismo consumo mes subió casi nadie casa debemos realizar pago tal pronta solución,164.0,4
recurso,inconformidad con el consumo o produccion facturad,interpone recurso ley dado consumo actual coincide objeto reclamación,69.0,4
recurso,inconformidad con el consumo o produccion facturad,anterioridad hizo reclamación alto consumo ultimos meses vinieron hacer revisión respuesta negativa disminuir solicita revisar nuevamente registrado corresponde consumió ver manera pueden reponer dinero pago gracias,215.0,4
recurso,inconformidad con el consumo o produccion facturad,cobro exagerado factura luz causada febrero abril predio rural situado vereda pava municipio manizales cuyo estrato curiosamente gráfica aparece consumo últimos meses observa incremento notable motivo realicé dicha reclamación aduciendo pandemia aun presentarse misma sido posible visitar puesto vía acceso servicio momento habilitada casa habitada esporádicamente solo fines semana entonces entiendo manera irresponsable responden cito textualmente recordamos bueno tener presente tiempo confinamiento inconformidad producción problema covid afrontando presentar,563.0,4
recurso,inconformidad con el consumo o produccion facturad,interpone recurso segun respuesta brindada chec acuerdo pues dia abril nadie ingresó predio tomar lectura generar factura necesitamos copia mes verificar especialmente,167.0,4
recurso,inconformidad con el consumo o produccion facturad,realiza queja superintendencia servicios públicos motivo cobros excesivos últimos meses parte prestador archivo adjunto encuentra detalle reclamación,149.0,4
recurso,inconformidad con el consumo o produccion facturad,recurso reposicion subsidio apelación subsidiariamente proceso acuerdo respuesta datos número dirección cll guamal favor revisar archivo adjunto gracias,152.0,4
recurso,inconformidad con el consumo o produccion facturad,día mayo hizo reclamo factura energía costo elevado mismo mes realizó revisión funcionario chec constato buen funcionamiento alteraciones motivos alza dicha llegar correo electrónico respuesta ustedes hicieron ninguna rebaja nuevamente llamada desacuerdo descuento funcionaria momento dijo cancelara acuerdo reajuste congelamiento contingencia persona bajos recursos económicos imposible cancelar tan altos costos puestos anteriores facturas hace años cancelado mil pesos,471.0,4
recurso,inconformidad con el consumo o produccion facturad,semana anterior hizo reclamo acerca precio tan alto llegó factura señor reviso hoy encuentro informa pagando dos viviendas casa cada contador número cuenta nombre gabriel cardona henao luz edith zuluaga gustaría revisará caso costo dirección calle misma,253.0,4
recurso,inconformidad con el consumo o produccion facturad,acuerdo respuesta requerimiento pues jubilado utilizo plataformas digitales teletrabajo estudio incremento consumo estipulado reclamo correspondiente,149.0,4
recurso,inconformidad con el consumo o produccion facturad,solicita reponga respuesta dada reclamación según proceso número cuenta ser así apelo dicha resolución cobre justo debido,121.0,4
recurso,inconformidad con el consumo o produccion facturad,respecto respuesta radicado acuerdo enviada ustedes negocio cerrado veo reflejado factura disminución cobro consumo energía entiendo impuestos fijos debe relación gasto generado verse coherente responden así mismo solicito revisión correspondiente refleja nuevamente alto cuenta local continuaba recibo reparación veré obligada dirigirme superintendencia servicios corresponda,376.0,4
recurso,inconformidad con el consumo o produccion facturad,acuerdo respondido solicitud facturado chec ultimos dos meses anexo siguiente peticion adjunta,94.0,4
recurso,inconformidad con el consumo o produccion facturad,usuario inconforme información recibida respuesta reclamo realizado día manifiesta acepto menos pagos diferidos explica cobros realizados ofrece efectuar recurso reposición desacuerdo emitida parte chec insiste manifestar inconformidad consumo mes abril diferido acuerdo plan alivio carga económica usuarios ley art aduce facturas encuentran reclamación ser canceladas mientras agote vía gubernativa,399.0,4
recurso,inconformidad con el consumo o produccion facturad,recurso reposición subsidio apelacion respuesta rad proceso limito mencionar facturado consumo mas respondieron frente cobro conceptos chec desconoce,149.0,4
recurso,inconformidad con el consumo o produccion facturad,archivo adjunto remito recurso reposición subsidio apelación dirigido chec primera instancia superintendencia servicios públicos segunda,136.0,4
recurso,inconformidad con el consumo o produccion facturad,adjunto reclamación inconformidad respuesta enviada superintendencia servicios públicos,87.0,4
recurso,cobros por promedio,representante legal formula recurso reposición apelación presunto cobro promediado,82.0,4
recurso,inconformidad con el consumo o produccion facturad,desacuerdo rta dieron cuarentena subio doble aprx venía pagando mismas personas hija recibe clases univ mañana vecinos máx aprox casa solicito rectificación pagaría estr creo nevera presente anomalías,200.0,4
recurso,inconformidad con el consumo o produccion facturad,presenta escrito reposición apelación inconformidad respuesta reclamo,69.0,4
recurso,inconformidad con el consumo o produccion facturad,medio radicado enviado superservicios numero procesos solicita empresa energía chet hago recurso reposición entidad subsidio apelación aumento factura ninguna razón,164.0,4
recurso,inconformidad con el consumo o produccion facturad,apelacion caso radicado contemplar ninguna características mencionadas dicha respuesta,86.0,4
recurso,inconformidad con el consumo o produccion facturad,primera reflejado periodos facturación febrero marzo abril factura periodo mayo segundo punto cobra cada mes considero alto fechas anteriores tan registro enero realizaba cobro mínimo máximo después desviación significativa consumo dirigió ustedes respondido solucionado chec realizó cambio cableado correspondiente evitar nuevamente inconvenientes luego aumento llegando mayoría facturas llega superior notorio superaba aumentaba,430.0,4
recurso,inconformidad con el consumo o produccion facturad,solicito reconocimiento efectos consiste favorecer petición devuelva económicamente costo incrementado facturas pago energía eléctrica sido promedio treinta mil pesos mensuales cuenta parágrafo primero decreto legislativo ministerio minas abril expresa empresas comercializadoras servicio gas combustible redes ofrezcan dicho descuento sólo podrán acceder línea liquidez tasa interés nominal totalidad monto diferir caso evento servicios públicos opte tomar mencionada podrá trasladarse usuario ningún financiero derivado mecanismo cubrir diferimiento cobro factura razón considero chec generado detrimento excesivo,615.0,4
recurso,inconformidad con el consumo o produccion facturad,continuo inconforme facturacion respuesta emitida empresa,57.0,4
recurso,inconformidad con el consumo o produccion facturad,cierto predio encuentra tea solo confinamiento posible salir casas entrada bloque personas reja porno pudo tener acceso día mayo dejaron notificación informando regresarían anterior pedí favor señora primer piso pendiente hecho llamé línea chat virtual pedía hora venían pico cédula podía hacer vueltas informaron manejaban horario visita dali esperando vinieron pues dientes permitir ingreso asistieron seguimos habitando mismas dos utiliza lavadora salimos ropa lava mano pido revisar historial facturas incidente exagerad,524.0,4
recurso,inconformidad con el consumo o produccion facturad,revocado integridad respuesta solicitud ajuste valores facturados chec respecto consumo energía llevado cabo carrera apt santa helena manizales meses febrero marzo abril ajustados realidad aunado comprendido periodos anteceden,226.0,4
recurso,inconformidad con el consumo o produccion facturad,motivo comunicación interponer recurso apelación debido conforme respuesta dada reclamo hago uso días hábiles siguientes notificación realizada ustedes cuenta meses diciembre febrero hice ningún consciente tiempo ocupada abril hizo vivienda sola además conexión electrodoméstico precisamente deje ocupar enero hoy solo ocupado dos fines semana tal personas,356.0,4
recurso,inconformidad con el consumo o produccion facturad,procedo recurso reposición subsidio apelación entidades correspondientes pago sumas reclamadas realice factura reclamo incremento superior normalmente cada mes siendo consumo residencial razón tal agradezco aprobado solicitud,225.0,4
recurso,cobro de otros bienes o servicios en la factura,proceso ratifico apartaestudio desocupado debe registrar consumo abril marzo repuesta apareció cobro facturas objeto reclamo seguro sura radicado apelé bloqueo suscriptor favor requiero alivios,193.0,4
recurso,inconformidad con el consumo o produccion facturad,acuerdo respuesta cobro excesivo injustificado factura energía,62.0,4
recurso,inconformidad con el consumo o produccion facturad,inconforme respuesta necesito validación explicación gracias,60.0,4
recurso,inconformidad con el consumo o produccion facturad,recurso reposición respuesta chec solicitud reclamación,55.0,4
recurso,inconformidad con el consumo o produccion facturad,favor revisar pqr telefonicas programar visita acuerdo solicitudes anteriores,77.0,4
recurso,inconformidad con el consumo o produccion facturad,solicito reconsidere decisión procediendo rebaje ostensiblemente tarifa caso negativo pido desate términos ley recurso apelación superior jerárquico,148.0,4
recurso,inconformidad con el consumo o produccion facturad,cliente recurre empresa fin verificado consumo pues indica trata error lectura,78.0,4
recurso,inconformidad con el consumo o produccion facturad,quiero realizar recurso reposición acuerdo respuesta dieron ademas nunca llego correo llamo dicen asi lee asesora dan cuarentena menos casa espero,146.0,4
recurso,inconformidad con el consumo o produccion facturad,permito dentro término interponer recurso reposición subsidio apelación respuesta dada requerimiento realizado según radicado referido fin aclare última lectura contador reponga decisión cuanto dicen consumo corresponde meses confinamiento estricto habitante casa persona permanencia permanente noches día encontraba finca laborando allí ello afirman personas habitan solo cantidad electrodomésticos uso nevera diaria lavadora cada días precisándole permanecía utilización licuadoras ollas arroceras únicamente televisor noche pues internet lugar trabajo insisto acorde realmente tuv,583.0,4
recurso,inconformidad con el consumo o produccion facturad,dia llego respuesta correo reclamacion alza triple servicio llamado acceder recurso apelacion veces dicen abono restante sera diferido dos facturas siguien hacen valido pagar adicional indica llevo mas llamando hagan aqui aya sigue pago mismo dan solucion audios grabaciones funcionarios hizo revicion interpondre demanda,321.0,4
recurso,inconformidad con el consumo o produccion facturad,recibí respuesta proceso quedo inconforme dado periodo marzo abril fabrica sola ello tacos abajo maquinas quietas entonces consumo deberia ser minimo gracias,157.0,4
recurso,inconformidad con el consumo o produccion facturad,envían respuesta comparando consumos abril respecto mayo muestran kwh cuadro valores consumo despues supuesto ajuste hicieron base dicen lecturas cuales solo hablan según chec dejaron cobrar factura viene lectura misma llego recibo mes ahora equivocó señor realiza cobros hace facturas personaje cobra menos gusto empresa puede error maneja facturación así chévere deja entonces cobro doble sencillo viceversa deben tener respeto llamar usuario decirle equivoque anterior,471.0,4
recurso,inconformidad con el consumo o produccion facturad,usuaria formula recurso apelación inconformidad respuesta nuevo reclamo,71.0,4
recurso,inconformidad con el consumo o produccion facturad,contestaci reclamo solicitado dieron junio verdad sigo comprenderla respuesta incremento tan elevado facturación adem error parte ustedes dejar kilowatios pendientes cobran,172.0,4
recurso,tarifa incorrecta,acuerdo pido estudiado nuevo caso carga comercia vatios entendido según averiguaciones asesorías personas conocedoras tema comercial debe ser superior solo además área ocupada,175.0,4
recurso,inconformidad con el consumo o produccion facturad,interpongo recurso mención así mismo solicito realizar nuevamente revisión respectiva cuenta promedio consumos anteriores posteriormente realice ajuste real factura toda vez consumo modificado personas habitan vivienda razón justifican aumentos además desbordan capacidad pago,276.0,4
recurso,inconformidad con el consumo o produccion facturad,cliente manifiesta inconformidad respuesta pues indca estan haciendo uso racional servicio energia,98.0,4
recurso,inconformidad con el consumo o produccion facturad,observaciones verifique promedio consumo año basados uso energia nuevo establezca incremento producto error contador sistema prestación servicio cambie sopena deba pagarlo,171.0,4
recurso,inconformidad con el consumo o produccion facturad,días anteriores realice queja elevados costos tres últimos recibos hicieron respectiva visita embargo recibí ninguna solucional contrario sigue aumentando cada mes aumenta mas radicado,184.0,4
recurso,inconformidad con el consumo o produccion facturad,realizar revisión cobrado chec periodo año curso siguientes facturaciones revisar cobros meses anteriores encontrarlos elevados respecto años incrementos onerosos hacer abonos correspondientes energía cobrada ilegalmente facturas reclamado encuentran debidamente canceladas puede corroborar archivos,299.0,4
recurso,inconformidad con el consumo o produccion facturad,manifiesto acuerdo respuesta ustedes enviada hogar habitamos mismas personas recibido visitas permanezcan casa tratado tener desconectados electrodomésticos usan,161.0,4
recurso,inconformidad con el consumo o produccion facturad,empresa chec grupo epm intermedio representante legal persona autorizada respuesta fondo términos establecidos ley problema presentado residencia ubicada calle barrio chipre manizales apto cobro excesivo servicio energía eléctrica realice ajuste periodo objeto reclamación facture atendiendo procedimiento establecido refleje verdadero consumo,343.0,4
recurso,inconformidad con el consumo o produccion facturad,manifiesta inconformidad rta indicando debe dar respuesta evasivas dado consumos incrementaron,94.0,4
recurso,inconformidad con el consumo o produccion facturad,deseo colocar recurso apelacion decisión proceso corresponde periodo maniniesto inconformidad consumo toma lectura realizada rebicion manifiesta funcionario fuga deacuedo,170.0,4
recurso,inconformidad con el consumo o produccion facturad,deseo realizar recurso reposicion respuesta proceso deacuerdo conforme desicion revisiones realizadas casa anomalías puedo aportar pruebas estan realizando lecturas gracias amable gestion,187.0,4
recurso,inconformidad con el consumo o produccion facturad,recurso reposición subsidio apelación acto debe hacerse cobro promedio solicitud medida detectado fuga imperceptible energía bien,129.0,4
recurso,inconformidad con el consumo o produccion facturad,adjunto presento ustedes recurso reposición subsidio apelación decisión tomada parte entidad chec petición número radicado,122.0,4
recurso,inconformidad con el consumo o produccion facturad,usuario presenta inconformidad pues cobro exagerado,51.0,4
recurso,inconformidad con el consumo o produccion facturad,recurso reposición subsidio apelación dirijo ustedes fin manifestarles conformidad respuesta suministrada queja proceso además hoy recibí factura pienso pagar den solución verás,177.0,4
recurso,inconformidad con el consumo o produccion facturad,recurso reposición subsidio apelación anexa escrito,51.0,4
recurso,inconformidad con el consumo o produccion facturad,respecto respuesta brindada chec frente pqr acuerdo veo explicación aumento normal meses anteriores facturo dentro promedio mas quedo atenta gracias,148.0,4
recurso,inconformidad con el consumo o produccion facturad,solicito rec reposición argumentado visita medida segunda medición hace calculo dias consumo verificamos dia consistente realizada uds,134.0,4
recurso,inconformidad con el consumo o produccion facturad,solicito respetuosamente resolver reclamación manera justa pidiendo regalen solo cobre consumo real acuerdo promedio siempre mantenido forma regular,148.0,4
recurso,inconformidad con el consumo o produccion facturad,propietaria jardin infantil situacion actual cerrado marzo facturas luz siguen llegando altas dicen consumo hecho alli vive nadie permanece solo tiempo normalmente llegan laboral hoy deben meses dije anteriormente publico solicito revisar cobro haciendo peticiones costos imposible facturen mas cerrada institución anotar jardines empresas mayor afectación momentos dato dan acorde sucede,388.0,4
recurso,inconformidad con el consumo o produccion facturad,observaciones dando respuesta proceso radicado inconforme perder siempre usuarios mismos menos electrodomésticos daño ser mismo consumo claridad realizo lecturas anterio,169.0,4
recurso,inconformidad con el consumo o produccion facturad,peticiones realicen verificación inmueble facture consumo real promedio así mismo realice modificaciones facturación períodos marzo servicio energía suscrito bajo instalación liquidado base diferencia lecturas reales contador marca chint,237.0,4
recurso,inconformidad con el consumo o produccion facturad,encuentro inconforme notificación ustedes enviaron hacen saber consumo sigue siendo igual logica confinamiento sola persona puede gastar mismo energía juntos dentro casa,169.0,4
recurso,inconformidad con el consumo o produccion facturad,acepte reclamación realizada proceda modificar mes facturado marzo abril conforme indicado fundamentos inconformidad presente recurso caso reponer decisión solicito confiera apelación remita expediente superintendencia servicios públicos domiciliarios,251.0,4
recurso,inconformidad con el consumo o produccion facturad,dando lectura respuesta recibida junio veo hacen varias recomendaciones ningún consumo incrementado debido mayor utilización servicio cuarentena uso acceso plataformas educación laborales asi espacios esparcimiento televisores electrodomésticos parte predio ocupar propietarios podido desplazar solamente habitada vivienda persona encargada cuidar mismo evidencia disminución mencionan sequía embalses reventar épocas lluvias baja precio habla ocasión emergencia estabilizara meses entonces incrementa además estabiliza análisis revisiones hace chec,549.0,4
recurso,inconformidad con el consumo o produccion facturad,primero revocar respuesta radicado julio emitida entidad mediante negó reconocimiento incremento consumo energía oficina ubicada carrera edificio cuellar centro manizales segundo disponer lugar central hidroeléctrica caldas chec haga revisión pertinente dispositivos conexiones eléctricas definir porqué evidencia tercero reconozca normal dicho situación actual mismo uso derecho consumidor ver alza consumos normales evidentes factura diferencias pueden graficacion asignación días,482.0,4
recurso,inconformidad con el consumo o produccion facturad,base sustentación fáctica venido realizado acostumbrada deferencia solicito primero absténgase cobrar suspender servicio energía total facturado segundo liquidé factura cóbrese según consumo utilizado realmente mes haciendo año tercero reembolsar valores pagados concepto denominado componente promedio últimos seis meses cuarto declare lugar cobro recuperación cobros inspección etc quinto continuar negativa conceda recurso apelación superintendencia servicios públicos domiciliarios,485.0,4
recurso,inconformidad con el consumo o produccion facturad,cliente manifiesta inconformidad respuesta emitida anexa escrito,64.0,4
recurso,inconformidad con el consumo o produccion facturad,inconforme proceso argumentan consumo casa sola febrero factura duplica adjunto ustedes copia,93.0,4
recurso,inconformidad con el consumo o produccion facturad,solicito analizado caso particular resulta petición fondo periodo presenta facturación empresa realizó mediciones presenciales municipio marulanda debido contingencia presentada mundo pandemia covid hace necesario ajuste dicho acuerdo promedios consumo registrados último año,275.0,4
recurso,inconformidad con el consumo o produccion facturad,vista chec solucionó problema facturación quiero elevar recurso reposición subsidio apelación resuelto superintendencia servicios públicos domiciliarios reclamo objeto domicilio desocupado tacos abajo imposible consumo comprueba cobran promedios prueba adjunto recibos agua gas cuales vivir puedan constatar llegar cobro consiguiente nadie desconocido totalmente pruebas factura mes siguiente llegó exactamente mismo anterior anexo exijo reembolsadas sumas facturas así evitar abuso parte empresa hacia afiliados,512.0,4
recurso,inconformidad con el consumo o produccion facturad,pido porfavor normalidad recibo enerjia pues dos años pasaba llegando segun chec debido confinamiento aclarar local permanecio cerrado apenas habrio hace mes reitero consumo reajuste,182.0,4
recurso,inconformidad con el consumo o produccion facturad,lectura consumo aumentado promedio indica después realizar reclamo indican van cobrar kwh acuerdo exijo hagan reajuste ver imagen anexa basados gasta energía cuarentena,168.0,4
recurso,inconformidad con el consumo o produccion facturad,presentado queja directa chef contestado debo cancelar monto sugieren pase pagar mensuales según verles meses facturan día momento ninguna factura,146.0,4
recurso,inconformidad con el consumo o produccion facturad,agradeceríamos justos cobros incremento elevado aun local cerrado días decir factura vez bajar subió costo encima promedio normal nunca,135.0,4
recurso,inconformidad con el consumo o produccion facturad,procedo realizar recurso reposición central hidroeléctrica caldas chec esp subsidio apelación resuelto superintendencia servicios públicos domiciliarios anexa escrito,166.0,4
recurso,inconformidad con el consumo o produccion facturad,frente revisión realizada respuesta dada parte ustedes promedio consumo kwh periodo indicado primer semestre año duplica segundo traíamos bien especifican informe realizado junio único aspecto tener cuenta fué cambio tres lámparas cambió tan significativo aumento viendo reflejado facturación mes enero anterior agradecemos nueva específica determine real diferencia mismo periodos mencionados,393.0,4
recurso,inconformidad con el consumo o produccion facturad,solicito amablemente ustedes reevaluacion caso apartaestudio vivo sola razones familiares viajo manizales actualmente llegado facturas predio resultados última visita técnica dejaron insatisfecha próxima solo,208.0,4
recurso,inconformidad con el consumo o produccion facturad,recurso interpongo central hidroeléctrica caldas chec subsidio apelación resuelto superintendencia servicios públicos domiciliarios cuenta anterior expuesto informa cobro acorde consumo acuerdo adicionalmente mandato legal factura decir llegaría promedio solicito revisar caso solicitar devolverme dinero injustificadamente cobraron todas facturas pagas seguir incrementado forma excesiva costo,394.0,4
recurso,inconformidad con el consumo o produccion facturad,cliente interpone recurso ley pues indica razon factura llegue doble,68.0,4
recurso,inconformidad con el consumo o produccion facturad,desacuerdo respuesta dada chec solicito ajuste facturación,58.0,4
recurso,inconformidad con el consumo o produccion facturad,interposición recurso reposición subsidio apelación superintendencia servicios públicos domiciliarios decisión proceso resuelve modificar valores facturados,156.0,4
recurso,inconformidad con el consumo o produccion facturad,anterior consumos energía meses anteriores emergencia sanitaria generada covid sido constantes bien cierto marzo abril pudieron verse incrementados permanencia residencia horas día puede predicarse mismo respecto mayo junio pues calenda retorné labores cotidianas implica apartamento permanezca solo eléctrica deben ser mismos generaron pandemia consecuencia encuentro razonables incrementos exagerados presentando cobro servicio deberían cobraron diciembre febrero,465.0,4
recurso,otros motivos de recurso,formula recurso inconformidad respuesta daño equipo eléctrico,61.0,4
recurso,inconformidad con el consumo o produccion facturad,pretensiones revoque acto administrativo chec dar cumplimiento ordenado artículo ley cuenta existe desviación consumo periodos facturados febrero marzo realizar ajuste factura conforme solicitado pretensión inicial caso alcanzar conceder recurso apelación superintendencia servicios públicos domiciliarios,305.0,4
recurso,inconformidad con el consumo o produccion facturad,presentar recurso reposición subsidio apelación pqr presentada dias anteriores dice normal indican lecturas reales tomadas inmueble sacaron promedios aplicando formula tarifaria,177.0,4
recurso,inconformidad con el consumo o produccion facturad,recibi notificacion inconformidad presentada fechas cobro relacionadas respuesta coinciden considero alto justificacion ademas programaron visita domiciliaria junio vinieron,173.0,4
recurso,inconformidad con el consumo o produccion facturad,radicado mencionado chec reconoce error trocados medidores llevado dos años pagando energía apartamento vecino consumo mayor entiendo respuesta centre solamente periodo reclamé tres meses marzo mayo justo pandemia cuales apto solo facturaron consumos contrario percatado embargo ilógico frente viene instalación olímpicamente limite quedó reclamación evidente afectación financiera generado parametrización parte funcionarios empresa solicito favor reconsiderada limiten periodos puede evidenciar factura amplíen análisis partir entregaron,539.0,4
recurso,inconformidad con el consumo o produccion facturad,solicito realizar nuevamente revisión respectiva cuenta promedio consumos anteriores posteriormente realice ajuste real factura toda vez consumo modificado pues uso energía eléctrica solo genera activación sensores bien cierto área común dos motobombas encuentran edificio periodo facturado generando normal tal razón justifican aumentos además desbordan capacidad pago,369.0,4
recurso,inconformidad con el consumo o produccion facturad,acuerdo respuesta ami solicitud revisión justo periodo ustedes alegan mayor consumo inmueble solo explíquenme posible,117.0,4
recurso,inconformidad con el consumo o produccion facturad,puede apreciar tabla adjunta valores lecturas totalmente descabelladas ajustan publicado boletín establecido gobierno nacional periodos pandemia nuevamente solicito revise ajusten cobros fin poder cancelar oportunamente facturas pendientes pago hago llamado chec favor envíe facturación ajustada consumo real justo difiera pagos después acarrearán intereses acuerdo pagar quedo señores espera pronta respuesta solucionar impase cumplir consumido realmente,455.0,4
recurso,inconformidad con el consumo o produccion facturad,buenas tardes medio presente dirijo ustedes fin solicitar nuevamente primer documento dejaron vista evidencia pequeño error igual forma reitero llevo años viviendo casa primera vez llega tan caro reci,200.0,4
recurso,inconformidad con el consumo o produccion facturad,interpone recurso requiriendo rompimiento solidaridad,53.0,4
recurso,inconformidad con el consumo o produccion facturad,cliente manifietsa inconfromidad repuesta anexa escrito recurso ley,67.0,4
recurso,subsidios y contribuciones,acepto respuesta proceso chec hace cobro corresponde msnm virginia risaralda pesos realizar descuento subsidio decretado gobierno manipula informacion,150.0,4
recurso,inconformidad con el consumo o produccion facturad,indica factura incorrecta pues residencial comercial adicional manifiesta inconcormidad valores facturafdos anexa escrito,121.0,4
recurso,inconformidad con el consumo o produccion facturad,solicito recurso reposición central hidroeléctrica caldas chec esp subsidio apelación resuelto superintendencia servicios públicos domiciliarios,144.0,4
recurso,inconformidad con el consumo o produccion facturad,día julio solicite revisión cobro factura cuenta hotel encuentra cerrado permanece apagado realmente reclamo refería medidor razón consumo supuesto veo ustedes hablan contador cuatro pisos corredores sensores movimiento habitaciones cocina planta telefónica cafetería primer piso hacen mención ascensor lavandería solo recepción almacén metros cuadrados periodo marzo desocupado prenden casi luces menos aparatos solicito nuevamente,432.0,4
recurso,inconformidad con el consumo o produccion facturad,dos personas siempre después pandemia habitado casa manera extraña abusiva pasó febrero marzo luego paso consumo correspondiente periodo decir junio presentó ninguna justificación aumento respecto mes anterior promedio últimos cinco meses produciéndose entonces incremento encima medio posibles irregularidades mismas habitamos domicilio laboramos ende realizar trabajo consumiendo energía eléctrica adicional adquirido nuevos electrodomésticos tampoco realizado actividades distintas rutinarias demanden extra bombillos utilizados ahorradores igual electrodomé,561.0,4
recurso,inconformidad con el consumo o produccion facturad,cliente manifiesta inconformidad respuesta visita tecnica anexa recurso escrito,79.0,4
recurso,inconformidad con el consumo o produccion facturad,debo precisar reclamación hace razón inmueble desocupado tres meses uso real electrodomésticos situación apenas lógico disminuya ostensiblemente consumo vemos preocupación llegan facturas vivienda habitada reiteramos habitantes manizales marzo claro reflejar disminución enfocada principio solicitar revisión ajuste corresponden junio exagerado cobro incluso incremento ubicado casas trébol reitero desocupada manera sorpresiva siquiera hacen visit,448.0,4
recurso,inconformidad con el consumo o produccion facturad,medidor chec después revisión respectiva día julio funcionó correctamente consumo periodo reclamación registra cifra inferior kwh comparada tres meses anteriores febrero marzo abril coherencia hecho anterior cobrar debe ser menor cobrado ocurrió pago factura obedeció instrucciones dadas operaria recibió queja línea gratuita preguntarle debería cancelar estudio contestó solo necesario vez obtuviera respuesta correspondiente acepto tarifa sido diferido cuotas finalizando dice debo pagar,489.0,4
recurso,inconformidad con el consumo o produccion facturad,medio dirijo udtedes presentar recurso apelación respuesta informa contador presenta ninguna falla problema interno acuerdo conexiones asi mas año,146.0,4
recurso,inconformidad con el consumo o produccion facturad,acurdo respuesta solicitud personas misma empresa chec indican envían hacer lecturas equivocan deben día cumplir determinado hacen carrera vivo sola consumo tan alto supon,171.0,4
recurso,inconformidad con el consumo o produccion facturad,medio presente interpongo recurso reposición subsidio apelación decisión notificada correo electrónico julio respecto cobro energía cabaña propiedad ubicada condominio villa marcela anterior cuanto revisión realizada casa instalaciones eléctricas documento prueba visita dejó anotación caja hermetica mal impide realizar real lectura consumo ahi inconformidad dicho servicio cuenta sola mes enero ulio energia periodo podría promediarse,436.0,4
recurso,inconformidad con el consumo o produccion facturad,señore super intendecia servicios públicos factura energía mes mayo sumar restar valores servicio cuadran cuentas chec cobrando sumo resto item encontrando diferencia favor revisen dicho cobro continuación adjunto según tramición espera pronta respuesta,253.0,4
recurso,inconformidad con el consumo o produccion facturad,conforme resultado visita técnica dónde verifican inconformidad polo tierra según indican comunicado llegó correo día julio presente año éso quiero verifiquen bien facturas anteriores posterior ésta muchas grac,210.0,4
recurso,inconformidad con el consumo o produccion facturad,observaciones inconforme respuesta proceso corrigen problema tecnico explicó empresa cambia números contadores procede hacerlo manualmente fué hablaría administración solución favor cambiar,189.0,4
recurso,inconformidad con el consumo o produccion facturad,acuerdo repuesta dieron reclamo hice incremento últimas facturas mandar técnico casa contestan encuentran ninguna anomalia necesito saber cuál motivo alto consumo debido persona sola electrodomésticos nuevos temporada mantiene pandemia afecta deseo miren anteriores sep jul espero pronta respuesta favorable,307.0,4
recurso,inconformidad con el consumo o produccion facturad,respecto respuesta dan acuerdo dos personas ido hacer revisión contador inmueble informado haciendo lectura hice llama servicio cliente expresa mismo cosa rara ustedes problemas dejan evidencia ende solicitó hablen funcionario informe expresó estan cobrando alazar espero posible contrario escalare super intendencia pandemia seguía laborado empresa empleada volvió quiere decir casa solo niños pudieron revisar cada dia utilizaba menos energía todas recomendaciones tomaron desconectar piloto estufa utiliza olla arrocera lavadora nevera última generación economi,564.0,4
recurso,inconformidad con el consumo o produccion facturad,buenas noches acuerdo respuesta altas tarifas mes anterior hago uso recurso reposición proceso solicito nueva revisión tarifa excesivo aumento,142.0,4
recurso,inconformidad con el consumo o produccion facturad,dejo sustentado recursos reposición subsidio apelación revoque dicha decisión defecto proceda realizar modificación valores cobran exageramente procedan retirar medidor cambiar hagan pruebas técnicas exhaustivas debido perjudicando gravemente,242.0,4
recurso,solicitud de rompimiento de solidaridad,recurso reposición apelación respuesta dada identificada número positiva basada argumentos expuestos comunicado anexo chec,122.0,4
recurso,suspension o corte del servicio,recurso subsidio acuerdo decidido derecho petición parte chec violando igualdad negarme instalación servicio energía vivienda habito hijos menores vecinos gozan,160.0,4
recurso,inconformidad con el consumo o produccion facturad,realiza reclamacion consumos facturados chec indican normales efecto vivienda habitada visita tecnico informa daño contador indica normal,137.0,4
recurso,inconformidad con el consumo o produccion facturad,acuerdo respuesta dada observar consumos dic ene miembros casa encontrábamos domicilio temporada vacaciones superan kwh cuenta adicionales navideña,147.0,4
recurso,inconformidad con el consumo o produccion facturad,interpongo debido recurso pues naturalmente podría darse ése consumo facturado chec expresa análisis técnico respectivo hace mas dos años vivimos poseemos mismas personas beneficiarias servicio solicito proceda corregir error,225.0,4
recurso,inconformidad con el consumo o produccion facturad,buenas tardes presento recurso reposición subsidio apelación frente predio ubicado condominio villa marcela casa vereda santagueda palestina caldas numero cuenta proceso,169.0,4
recurso,cobro de otros bienes o servicios en la factura,envio adjunto recurso repocision respuesta reclamo recibida mediante correo electronicio dia septiembre proceso,111.0,4
recurso,inconformidad con el consumo o produccion facturad,acuerdo decisión tomada cobrar promedio siempre sido mes comunico persona hizo visita revisión contador salto lectura dispuestos pagar promediado,145.0,4
recurso,inconformidad con el consumo o produccion facturad,permito interponer reclamación frente factura luz anotar pese medidas extremas mantener apagado solo habitamos dos personas coherente sigue llegando muchísimo mas cara nota copia superintendencia servicios públicos,214.0,4
recurso,inconformidad con el consumo o produccion facturad,inconformidad respuesta dada chec reclamo aumento energia pago promedio llego factura ultima casa vivimos solo tres personas comprado electodomesticos ultimo año,161.0,4
recurso,inconformidad con el consumo o produccion facturad,acuerdo repuesta mencionan echo tapa contador sucia garantiza lectura correcta normal mensual kilovatios llego preocupación funcionario tomo incrementando,154.0,4
recurso,inconformidad con el consumo o produccion facturad,presento recurso reposicion subsidio apelacion acuerdo respuesta entregada chec anexa escrito,93.0,4
recurso,inconformidad con el consumo o produccion facturad,buenas tardes respecto reclamo llego ultima factura tan cara mes agosto entiendo incremente tampoco mas doble siempre llega parece descaro falta respeto empresa adjunto respuesta espero solucion muchas gracias,209.0,4
recurso,inconformidad con el consumo o produccion facturad,usuario creerle reconocer equivocados respetuosamente solicito rebaja factura consumos anteriores incluso casa visitaba personas pandemia sola nunca tiempos crisis chec presenta publicidad telecafe informa beneficiado usuarios solidaridad reclamo aumentan valores,263.0,4
recurso,inconformidad con el consumo o produccion facturad,propietario inmueble ubicado vereda sec fermin lopez libertad ciudad santa rosa cabal año realizado puntualmente pagos correspondientes factura energía aproximado bimestral máximo anexo cuadro embargo mes septiembre llega recibo presente derecho petición ninguna respuesta formal remitieron cambio ilógico pues propiedad sólo personas factible servicio incremente justificación real empresa aduce podido cobrar anteriormente cierta cuento soportes extractos bimestralmente hecho descuento completo facturas,506.0,4
recurso,inconformidad con el consumo o produccion facturad,inconformidad respuesta solicitud relaciona recibida facturación aclaro pagos inclusive periodos junio cancelados entonces presenta error diferir consumos,154.0,4
recurso,inconformidad con el consumo o produccion facturad,cliente interpone recurso ley bajo argumento consumo resgistrado utilizado sino concecuencia fuga energia,105.0,4
recurso,inconformidad con el consumo o produccion facturad,dirijo cordialmente ustedes fin solicitar nuevamente revisión caso radico visto disminución consumo después realizó retiro contador sido instalado predio adjuntara facturas correspondientes fechas instalación evidencia notoriamente,231.0,4
recurso,inconformidad con el consumo o produccion facturad,días pasados recibí respuesta respecto reclamación cobro excesivo factura proceso identificado número embargo insisto vengo apartamento estrato seis pagaba mitad pagando ahora,175.0,4
recurso,inconformidad con el consumo o produccion facturad,periodo hace cuestionar diligencia empresa corresponsabilidad consumo desmedido irracional haciendo referencia único interés ustedes sido solamente entrar facturar tutelar velar intereses económicos lamentablemente única lectura tomaron conocimiento situación anormal electricidad callaron actuaron tiempo prontitud importo días siguiéramos consumiendo energía manera desmedida fuga imperceptible puede mal llamar hecho consumido siquiera dolo solicitud expresa nuevo favor facture producto sino mejor haga promedio tal ley señala,530.0,4
recurso,inconformidad con el consumo o produccion facturad,dada respuesta solicitud radicado solicito nuevamente hagan calculo devolución corresponde instalación cuenta generaron cargos empresa correcta realizada chec,158.0,4
recurso,inconformidad con el consumo o produccion facturad,empresa encontrarse daño contador medidor energía hacer cambios facturación principal motivo recurro segunda última estancia prestadora servicio competencia legal ley pues verdad veo cobro elevó electrodomésticos acá mismos hace años medio vivimos tan alto consumo mes diferencia mil pesos viene subiendo medida asombroso ver abusa usuario además suma poner queja allá recibir respuesta legalizar cosas pueda quejar porq sale perjudicado tiempo solución pido uds caso gracias atención sirvan prestar martha dolly solano cédula,526.0,4
recurso,inconformidad con el consumo o produccion facturad,dentro plazo requerido interpongo recurso reposición subsidio apelación decisión revisar cobros consumo presentado contador medidor puesto explicación usted posiblemente pandemia hacer casa gastamos mas luz predio estrato dos cuales ley exige facture venía facturando marzo empezó contrario ello ustedes dando explicaciones corresponden realidad sino posibles consideraciones hacen aplicando ordenó gobierno nacional pues vez aliviar situación colombianos empeorando subiendo arbitrariamente facturas,500.0,4
recurso,inconformidad con el consumo o produccion facturad,recurso reposición subsidio apelación cuenta proceso anexa escrito,66.0,4
recurso,inconformidad con el consumo o produccion facturad,ahora continuo proceso periodo pues factura injustificable condiciones vivo explicando testigo vecinos pueden indicar casa permanece sola descaro contiúe aumentando causa empresa super intendencia controla sigan abusos llevaré últimas instancias además cuenta afectado confinamiento continué trabajando día solo llego noche ocasiones medio usando mientras momentos cortos fines semana suelo permanecer tampoco así solicito correcta verificación disminuir vatio según conozco debido tan elevado cada vez llega cara abuso clientes,528.0,4
recurso,cobro de otros bienes o servicios en la factura,cliente manifiesta inconfomidad financiacion otorgada gobierno nacional facturación,83.0,4
recurso,suspension o corte del servicio,señores chec negacion servicio energia niegan pasan lineas carga desicion pido vez revisada enseguida casa colocaron dicho medidor vecinos tambien encuentran misma situacion incluso panamericana pasa red colocado lavadero negado antemano agradesco atencion colaboracion prestada atentamente claudia patricia gonzales cortes manizales caldas,340.0,4
recurso,inconformidad con el consumo o produccion facturad,buena noche respetuosamente permito adjuntar correspondiente recurso referente radicado atento saludo julián andrés molina loaiza manizales caldas celular dirección calle apto edificio alcázares toledo cuenta,208.0,4
recurso,inconformidad con el consumo o produccion facturad,resumen reclamo realizo chec facturación excesiva periodo hizo reclamación numero solicitud contestaron junio procedía recurso reposición entidad dirigimos apelación presenta dentro cinco días hábiles siguientes notificación,224.0,4
recurso,inconformidad con el consumo o produccion facturad,acreditando pago sumas reclamadas empresas ustedes abusan única entidad puede proporcionar energía parece completamente absurdo hablen medidas confinamiento empleado financiera ende venido desarrollando trabajo manera presencial teletrabajo casa tiempo laborando haber sola persona aparte madre igual forma subir defensor consumidor haremos verdad voy permitir robo descaro pueblo,380.0,4
recurso,inconformidad con el consumo o produccion facturad,daniel fernán castaño morales identificado cédula ciudadanía interpongo recurso reposición subsidio apelación respuesta otorgada día junio fundamentado siguientes favor revisar documento adjunto,194.0,4
recurso,inconformidad con el consumo o produccion facturad,adjunto recursodereposiciónyensubsidiodeapelacióncuentano pdf,61.0,4
recurso,inconformidad con el consumo o produccion facturad,adjunto recurso reposición respuesta emitida despacho notificada dia junio través correo electrónico indican resultado reclamación total desacuerdo,147.0,4
recurso,inconformidad con el consumo o produccion facturad,acuerdo respuesta dan dado consumo exagerado posible mes sido cuadro veces mayor ultimo registrado pueden comprobar últimos ciclos facturados solicito recurso apelacion superintendencia,185.0,4
recurso,inconformidad con el consumo o produccion facturad,usuaria presenta escrito inconformidad respuesta reclamo,56.0,4
recurso,inconformidad con el consumo o produccion facturad,recurso apelacion despues pqr hicieron visita tecnica estableciendo aumento consumo radicaba nevera debido hizo consulta tecnico especializado refrigeracion arrojando dato bajo parametros normales,196.0,4
recurso,inconformidad con el consumo o produccion facturad,usuaria adjunta oficio recurso reposición apelación inconformidad respuesta reclamo,83.0,4
recurso,inconformidad con el consumo o produccion facturad,realice dias pasados reclamo alto costo factura encuentro actuando normalidad entiendo incremento parece injusto cuento recursos pagar tan elevada personas informaron llegara mismo mes,184.0,4
recurso,inconformidad con el consumo o produccion facturad,requiero después realizar pago consumo histórico sumas reclamadas indica central hidroeléctrica caldas chec esp respuesta solicitud quedar saldo pendiente cuenta restantes corresponden incremento explicación objeto reclamo,222.0,4
recurso,inconformidad con el consumo o produccion facturad,observaciones buenos días virtud respuesta emitida chec frente radicación remito ustedes aceptación reportado almusuario aducen costos obedecen consumo requiero curso superservicios dado satisfactoria,200.0,4
recurso,inconformidad con el consumo o produccion facturad,recurso petición incremento exagerado factura marzo abril año curso duplico comparado promedio meses anteriores vivo solo permanezco casa creo haber realizado tal consumo,170.0,4
recurso,inconformidad con el consumo o produccion facturad,revoque acto administrativo expedido central hidroeléctrica caldas junio dicha empresa afirma evidencia aumento ostensible consumo variaciones significativas factor determinante precio factura objeto reclamaciónse haber justificado facturación respecto periodo anterior fundamentar soportó facturado,299.0,4
recurso,inconformidad con el consumo o produccion facturad,expreso plena inconformidad informe acojo derecho reposición vivienda permanecen mismas personas hace años consecutivos adquirido ningún electrodoméstico nuevo incremento visualiza facturación excesivo últimos meses pasado mes diciembre abril año interpongo recurso pagar corresponde lectura según promedio tal expresa documento enviado empresa,344.0,4
recurso,inconformidad con el consumo o produccion facturad,quiero manifestar electrodomésticos adquirido bajo rpotocolo ahorradores energía cuanto encierro cuarentena dentro habitantes hogar existe cultura ahorro cuidado minuciosamente consumo observo negligencia parte empresa chec reconocer posible error lectura prueba sido correcto hicieron presencial promedio asi cosa elevare super intendencia insatisfacción,355.0,4
recurso,inconformidad con el consumo o produccion facturad,motivos hechos factura siempre llega mil vez llego doble indica consumo mismas personas vino técnico confirma contador bueno arroja lectura menor registra pensamos tomaron mal medida justifica cobro tan excesivo peticiones realicen devolución dinero cobrado hecho tomada,270.0,4
recurso,inconformidad con el consumo o produccion facturad,acabo recibir respuesta visita funcionario chec dia junio consumimos mas energia pandemia ningun electrodomestico bombillos simplemente aumentó antojo solo hecho ser estrato inclusive lavadora evitar consum,206.0,4
recurso,inconformidad con el consumo o produccion facturad,solicito respetuosamente dejar efecto decisión frente proceso numero cuenta respuesta mayo notificado suscrito junio concediéndome nueva verificación facturado haciendo cobros basados consumo real aproximaciones suposiciones caso acceder requerimiento recurso enviado apelación superintendencia servicios públicos domiciliarios fin surta orden legal,349.0,4
recurso,inconformidad con el consumo o produccion facturad,inconmforme incremento considera abuso posición dominante critica solo revisó medidor instalaciones internas,108.0,4
recurso,inconformidad con el consumo o produccion facturad,quede inconforme respuesta chec nunca llegado recibos tan costosos mismas persona colocado ningún electrodoméstico porfa parese ingusto subida cervicios reclamo,160.0,4
recurso,inconformidad con el consumo o produccion facturad,punto vista injusta apreciación respecto reclamación toda vez única persona vive apartamentico haciendo solo uso hora noche día permanezco primer piso casa cuidado padre padece altzaimer veo importa ustedes aprovecharon dicho confinamiento covid aprovecharse usuarios doblar precio factura consumo dudo siquiera pasado generar lectura contador pendiente ello bueno ahí queda conciencia empresa representa injusticias abusos gran mayoría lástima existir tipo suministre energía así dejarlos lado uds oportunistas abusivos ojalá disfruten dinero ido sacando familias,564.0,4
recurso,inconformidad con el consumo o produccion facturad,observaciones mes abril incremento fué mil realizamos requerimiento respuesta satisface usuaria dar solución mayo continúa costo factura forma irracional reflejando,164.0,4
recurso,inconformidad con el consumo o produccion facturad,observaciones recibí respuesta acuerdo argumento solicito atención personalizada jefe cliente dado reclamaciones cuales satisfactoria favor remitir superservicios aceptac suscriptores,183.0,4
recurso,inconformidad con el consumo o produccion facturad,necesito explicación detallada aumento tan desproporcional verificación medidor energía suficiente digan incremento solicito soporte pretensiones valoren archivos adjuntos recibo periodo comprendido resultado reclamación proceso,228.0,4
recurso,inconformidad con el consumo o produccion facturad,cliente manifiesta inconformidad rta emitida empresa pues indica estan cobrando promedio,88.0,4
recurso,inconformidad con el consumo o produccion facturad,recibe correo escrito recurso reposición apelación inconformidad respuesta reclamo,82.0,4
recurso,inconformidad con el consumo o produccion facturad,tal razón dicho pago cobro facturado forma antijurídica debe reintegrar contrario ley genera derecho alguno bien vulnera patrimonio reclamante entonces facturación fruto medición promedio prohibida cuyo lleve cabo mediante suerte cuantía suma dinero reintegro abono subsiguiente,278.0,4
recurso,inconformidad con el consumo o produccion facturad,permito solicitar siguiente haga descuento valores pagado empresa deberá ver reflejado factura próximo mes decir julio exonere pago cualquier ayuda donación colaboración etc pretenda cobrarme dichos conceptos reitero deseo pagar dineros mas donaciones colaboraciones ayudas parecido pues parte visto gravemente afectado crisis pandemica recibido familia suscrito ningún tipo económica exijo apliquen ejecuten cobros autorizados recálcalo nuevo estudio lectura medidor cobro meses mayo junio indiscriminado solicito actualice promedio siga cobrando adelante realmente equilibre dicho,582.0,4
recurso,inconformidad con el consumo o produccion facturad,motivos hechos inicio emergencia sanitaria ido incrementando gradualmente costo servicio energía siendo así pagando máximo mil pesos consumo facturado ahora llega entiendo incremento hogar ahy fugas existen mismas personas alterado demanda dado seguimos trabajando igual pesar pandemia casa indicar dicho peticiones solicito empresa chec revisar nuevo caso verificar bajo condiciones haciendo incrementos pues aunque subido dan sumas menos incrementarse mas doble existir alteraciones prte hacemos uso autorizo voluntariamente prestador público radico petición superservicios datos personales acue,597.0,4
recurso,inconformidad con el consumo o produccion facturad,solicito respetuosamente dejar efecto decisión frente proceso número cuenta respuesta junio notificada suscrita misma concediéndome nueva verificación facturado haciendo cobros basados consumo real aproximaciones suposiciones caso acceder requerimiento recurso enviado apelación superintendencia servicios públicos domiciliarios fin surta orden legal,350.0,4
recurso,inconformidad con el consumo o produccion facturad,traslado competencia parte superservicios recurso ley,53.0,4
recurso,clase de uso incorrecto,recurso reposición solicitud motivo cambio uso categoría comercial residencial anexo prueba,91.0,4
recurso,inconformidad con el consumo o produccion facturad,recibí respuesta queja quiero manifestar inconformidad pues momento visita funcionario chec respetiva revisión clara observación reiteraba existía razón alguna darse dicho incremento pudo observar concluir error medicion parte empleado hicieron promedios consumido faltaban días nueva lectura consumo diario osea día promedio cobrando usuario asumir errores,357.0,4
recurso,inconformidad con el consumo o produccion facturad,encuentro satisfecha respuesta emitida parte entidad cuanto aumento injustificado servicio energía comprendido dado empresa chec manifiesta triplicado corresponde consumo real aludiendo tema emergencia sanitaria covid principal causa público,241.0,4
recurso,inconformidad con el consumo o produccion facturad,manera cordial respetuosa solicito despacho ser competencia dentro facultades sirva términos establecidos ley código procedimiento administrativo contencioso realizar correspondiente cambio clase servicio comercial residencial asigne estrato conforme predios entorno tal permite establece puede evidenciar copia factura público primer piso casa,344.0,4
recurso,inconformidad con el consumo o produccion facturad,respuesta entonces corresponde verdad acudiendo derechos nuevamente solicito hacer verdadera investigación determinar razones incremento mes consumo energía vivienda darme conocer inmediato resultados mientras define situación seguiré pagando correspondiente envíen factura cancelarla subsiste diferencia resuelva superintendencia servicios públicos domiciliarios,363.0,4
recurso,pago sin abono a cuenta,referencia respuesta hecha maria esperanza arias castaño proceso chec denota sabe registros pago servicio luz cada dos meses domicilio acorde solicitud verificar liquidación recibo mes,184.0,4
recurso,inconformidad con el consumo o produccion facturad,claro presentó desviación significativa consumo aplicó debido proceso bien empresa potestad determinar porcentajes configuración desviaciones significativas libertad sinónimo ilimitada capaz desconocer derechos usuarios incluso rango constitucional igualdad proporcionalidad encuentran vulnerados porcentaje fijado consecuencia interpongo recurso reposición caso resuelva forma desfavorable solicito expediente enviado superintendencia servicios públicos domiciliarios apelación revisen fijados central hidroeléctrica caldas claramente muestran ejemplo abuso posición dominante,577.0,4
pedidos/proyectos,portafolio trabajos a terceros con cotizacion,requiere cotización movimiento redes dar continuidad solicitud poder continuar construcción vivienda,,3
pedidos/proyectos,portafolio trabajos a terceros con cotizacion,necesitamos cortar palmera porteria proceso requerimos carro canasta mas menos minutos costo alquiler puede,,3
pedidos/proyectos,portafolio trabajos a terceros con cotizacion,acuerdo proceso radicado informan traslado red eléctrica pasa casa lindando bosque debe cotizar medio tercero chec anterior manera mas atenta solicitamos envíen cotización realizar trabajo ubicandola lugar cumpla norma quedamos atentos visita,,3
pedidos/proyectos,portafolio trabajos a terceros con cotizacion,según proceso solicita cotización reubicacion redes presentan riesgo centro vacacional,,3
pedidos/proyectos,portafolio trabajos a terceros con cotizacion,solicita chec reubicación red secundaria aérea subterránea tramo fachada edificio san sebastián riosucio dato solo medidor varios ser,,3
pedidos/proyectos,portafolio trabajos a terceros con cotizacion,manera mas atenta permito solicitarles servicio provisional obra trifasico nueva clinica construccion estudios oftalmologicos ubicado kra asi mismo venta poste mtsx,,3
pedidos/proyectos,portafolio trabajos a terceros con cotizacion,cliente solícita ubicación conexión servicio verificar viabilidad cotizar labor,,3
pedidos/proyectos,portafolio instalaciones sin cotizacion,solicito favor cambiada caja medidor semana pasada técnico pasó leyendo medidores indicó bueno cambiarla poder hacer toma lectura correcta manifestó podría salia mas económico chec embargo prefiero empresa realice trabajo antemano autorizo cobrado factura sola cuota,,3
pedidos/proyectos,portafolio instalaciones sin cotizacion,necesitamos cambiar techo cometida entra medidor imposibilitando dicha acción requiere reubicarla,,3
pedidos/proyectos,portafolio trabajos a terceros con cotizacion,comedidamente solicito traslado poste ubicado justo frente irá portería proyecto torres bosque queda enseguida transformador manuela,,3
pedidos/proyectos,portafolio trabajos a terceros con cotizacion,problema lineas salen transformador quemo pararayos solicito visita revisar cotizar reparación,,3
pedidos/proyectos,portafolio instalaciones sin cotizacion,solicita cordialmente reinstalar sello solicitud proceso gracias dadas circunstancias cuarentena llamando teléfonos referidos comunicaci,,3
pedidos/proyectos,solicitud factibilidad del servicio,solicitud factibilidad servicio página web número radicado mercurio,,3
pedidos/proyectos,portafolio trabajos a terceros con cotizacion,solicito comedidamente reubicacion poste energía encuentra predios pues impide ampliación vivienda,,3
pedidos/proyectos,portafolio trabajos a terceros con cotizacion,oficio anexo solicitamos retiro cable conecta hospital vivienda construccion departamental arauca arquitecta leidy muñoz maestrpo residente carlos parra,,3
pedidos/proyectos,portafolio instalaciones sin cotizacion,dia abril presento cortocircuito cometida contador quemo solicitamos cambio mismo técnico encargado arreglo conecto directa vivienda quedo atento cualquier inquietud,,3
pedidos/proyectos,portafolio trabajos a terceros con cotizacion,presente permito solicitar ustedes ubicación cambio torre encuentra transformador suministra energía finca santa inés fincas aledañas anterior solicitud hace fin prevenir accidentes ubicada borde carretera adicional diferentes líneas postes apoyo suficiente decir falta pie amigo caso presentarse acto naturaleza,,3
pedidos/proyectos,portafolio trabajos a terceros con cotizacion,cliente informa transformador fuga aceite cree fallará cuaklquier momento kva solicita empresa cotizar instslación nuevo transformado acuerdo real necesidad alimentadas dos cuentas consumos maximos kvh mes kwh,,3
pedidos/proyectos,portafolio trabajos a terceros con cotizacion,solicito cordialmente términos ley proceda retirar cables pasan atravesando encima lote vivienda escasos mts altura cuales deberían vía pública queda enfrente puestos obstaculizando área proyectado construir cabaña,,3
pedidos/proyectos,portafolio instalaciones sin cotizacion,solicito retirar sellos medidor fallas interior inmueble energía debo hacer reparación,,3
pedidos/proyectos,cambio de sistema,requiere contador cambio urgentemente colocaron expuesto peligroso lleno formulario dieron pandemia pude llevarlo,,3
pedidos/proyectos,portafolio trabajos a terceros con cotizacion,solicito cotizar cambio transformador cuenta quemado alternativa instalar menor kva considerar construyendo ramal secundario aprox enviar cotización correo jose tafurth risaralda gov,,3
pedidos/proyectos,portafolio instalaciones sin cotizacion,realicé solicitud energía casa fallando vinieron técnicos revisaron dijeron contador necesito realizar nuevo luz quemado retirado sdse ingreso codigo equivocado,,3
pedidos/proyectos,retiro de servicios temporales,solicita retirar servicio temporal meses,,3
pedidos/proyectos,portafolio trabajos a terceros con cotizacion,oficio traslado alcaldia solicita reubicación dos postes verificar anexo,,3
pedidos/proyectos,solicitud factibilidad del servicio,nuevo registro solicitud factibilidad radicado mercurio,,3
pedidos/proyectos,portafolio trabajos a terceros con cotizacion,solicitar muevan poste afectando entrada garaje vivienda anteriormente solicitado vehículo afectaba momento tal razón problema toda mitad huellas entrar,,3
pedidos/proyectos,cambio de sistema,usuario solicita realizar cambio medidor suministra,,3
pedidos/proyectos,portafolio trabajos a terceros con cotizacion,cliente solicita reubicación poste cruceta uso general ubicadas predio contacto diego aguirre celular,,3
pedidos/proyectos,portafolio trabajos a terceros con cotizacion,cliente solicita ubiquen poste entrada finca julia van construir,,3
pedidos/proyectos,solicitud factibilidad del servicio,solicitud factibilidad radicado mercurio,,3
pedidos/proyectos,cambio de sistema,solicitud aumento carga,,3
pedidos/proyectos,solicitud factibilidad del servicio,usuario solicita factibilidad aumento carga,,3
pedidos/proyectos,portafolio instalaciones sin cotizacion,solicita cambio contador eléctrico fallas gira disco consumo apartamento,,3
pedidos/proyectos,solicitud factibilidad del servicio,requiere cambio acometida tienda existente numero sistema bifásico trifásico medida posible caso contrario entonces seguirá siendo gracias,,3
pedidos/proyectos,portafolio instalaciones sin cotizacion,señor luis vecino compró organizó inmueble dejando cable electricidad calle cerca vivienda solicitamos nuevo reubicar respuesta reírse solo representa contaminación visual riesgo latente ver anexo,,3
pedidos/proyectos,portafolio trabajos a terceros con cotizacion,retiro poste energia junto casa barrio colina manzana nro,,3
pedidos/proyectos,portafolio instalaciones sin cotizacion,cambiar sitio tubo instalación eléctrica pusieron pared vecino filtrando agua dañando paredes dos casas espero respuesta rápido posible muchas gracias,,3
pedidos/proyectos,portafolio trabajos a terceros con cotizacion,necesito colabore traslado poste ubicado puerta garaje casa obstaculizando ingreso carro esquina deben unión dos casas,,3
pedidos/proyectos,portafolio trabajos a terceros con cotizacion,solicita movimiento torre energía ubicada predio obstaculizando zona proyectada cultivo anexamos factura foto puede ver,,3
pedidos/proyectos,portafolio instalaciones sin cotizacion,medio presente solicito amablemente programar visita objetivo cotizar costo cambio acometida vivienda residencial ubicada dirección relacionada,,3
pedidos/proyectos,portafolio trabajos a terceros con cotizacion,fin solicitar empresa suspensión temporal servicio energía zona vereda boquerón exactamente predio señor epifanio vargas pinto numero medidor ruta lec encuentra percibiendo dicho requiere realizar mantenimiento corte árbol causando riego total área vez cerca cuendas trasportan ello eleva dicha petición arboles realizaba bajo supervisión personal profesional respectivos permisos otorgados carder mitigar riesgo solicita evitar algún accidente parte encargado,,3
pedidos/proyectos,portafolio trabajos a terceros con cotizacion,solicitamos manera cordial realice alza línea energía pasa lote finca vamos realizar montaje infraestructura invernadero demasiado baja impide monteje,,3
pedidos/proyectos,portafolio trabajos a terceros con cotizacion,respetuosamente permito solicitar cambio poste justo frente entrada casa anterior dicho atenta seguridad persona edad avanzada requiere espacio locomoción,,3
pedidos/proyectos,portafolio trabajos a terceros con cotizacion,requiere cotización traslado transformadores cambio red cable cubierto cumplir distancias seguridad proyecto bombero quinchia adjunta diseño revisado chec,,3
pedidos/proyectos,portafolio trabajos a terceros con cotizacion,adjunta documento requerimiento trabajos terceros derivado proceso,,3
pedidos/proyectos,portafolio trabajos a terceros con cotizacion,favor individualizar oferta ejecución trabajo proceso cambio aislamiento reposición templete deben ser asumidos diferentes predios gracias,,3
pedidos/proyectos,portafolio trabajos a terceros con cotizacion,según proceso solicita realice nuevamente cotización cambio transformador costo trabajo financiado factura ver anexo pagina,,3
pedidos/proyectos,portafolio instalaciones sin cotizacion,medidor visualiza quemado puertos conexión plenamente tornillos plástico afectado solicita revisión,,3
pedidos/proyectos,portafolio trabajos a terceros con cotizacion,adjunto requerimiento trabajos terceros derivado proceso,,3
pedidos/proyectos,portafolio instalaciones sin cotizacion,debemos cambiar caja tacos pues punto generar corto solicitamos suspender energía contador sellos,,3
pedidos/proyectos,solicitud viabilidad compra/donacion activos,envío adjunto documentos proceder donación activos eléctricos finca america ubicada ciudad manizales,,3
pedidos/proyectos,portafolio trabajos a terceros con cotizacion,buenas tardes solicitud presentar cambio linea primaria antigua hecha angulo tal motivo deficiencias sumamente peligrosa pide mover bordo carretera pendiente construcción punto espero pronta respuesta,,3
pedidos/proyectos,solicitud viabilidad compra/donacion activos,buenas tardes adjunto documentación requerída conforme respuesta proceso traslado activos saludos,,3
pedidos/proyectos,portafolio trabajos a terceros con cotizacion,retiro poste casa perjudica abrir garaje necesito urgente muchas gracias espero pronta solución,,3
pedidos/proyectos,portafolio instalaciones sin cotizacion,permito informar semana radiqué propiedad contador energía eléctrica parecer presenta avería anterior información fines pertinentes,,3
pedidos/proyectos,portafolio trabajos a terceros con cotizacion,quisiera favor realizar solicitud puesta tierra principal transformador suministra energia cuadra vivo cuenta proteccion descaqrgas electricas descargas van directamente hacia casa quema electrodomest,,3
pedidos/proyectos,portafolio trabajos a terceros con cotizacion,amablemente solicito movimiento poste cualquier actividad corrija problema dirección carrera quién instaló hizo posición incorrecta ajeno chec red baja tensión invade lote violando normas distancia seguridad,,3
pedidos/proyectos,portafolio trabajos a terceros con cotizacion,usuario requeire movimiento torre energía ubicada mismo obstaculizando zona proyectada cultivo dimos respuesta sitio ldijo solcitara cotizacion ahora requiriendo adjuntamos visita técnica realizada ustedes predio solicitud hecha radicado numero lunes julio solicitamos regreso cotización corresponde,,3
pedidos/proyectos,portafolio instalaciones sin cotizacion,solicito cambio medidor residencial deben llevar poder realizar debido realizó líneas eléctricas internas adjunta retie cedula suscriptor matricula profesional,,3
pedidos/proyectos,portafolio trabajos a terceros con cotizacion,solicito haga visita predio evaluar reubicar red actualmente pasa encima vivienda asi instalaciones deportivas parque comfamiliar,,3
pedidos/proyectos,portafolio instalaciones sin cotizacion,solicitar reemplazo caja contador haberse dañado causa instalación nueva red eléctrica postes energía calle carrera barrio ingruma,,3
pedidos/proyectos,portafolio trabajos a terceros con cotizacion,radicado buenas tardes quisiera favor hicieran visita verificar templete cruceta sostiene cables varias casas vecinos carros pasar acá siempre pegan dicho hace mueva lado,,3
pedidos/proyectos,solicitud factibilidad del servicio,red bifásica existente requiere instalar línea adicional configurar trifásica realiza comunicación usuario cambio sistema bifasico trifasico transformador kva piscícola factibilidad realizo inicialmente cuenta cancela genera,,3
pedidos/proyectos,portafolio trabajos a terceros con cotizacion,solicitamos cotización realizar servicio mantenimiento siguientes transformadores cortacircuitos punteado cuenta sistema puesta tierra diagnostico acuerdo revision efectuada chec febrero,,3
pedidos/proyectos,solicitud viabilidad compra/donacion activos,maria pilar ocampo scarpeta cesion activos electricos solicita autorizacion transformador ubicado predio bejuca vereda esmeralda municipio chinchina,,3
pedidos/proyectos,portafolio trabajos a terceros con cotizacion,buenas tardes cuenta deseo construir segundo piso requiero revisión cableado lineas van poste saber pueden remover fin queden tan cerca vivienda pasan techo casa,,3
pedidos/proyectos,portafolio trabajos a terceros con cotizacion,solicita carácter prioritario aumento capacidad carga cuenta jesús antonio bueno tapasco fallecido queda ubicado vereda llanogrande transformador sanlorenzo riosucio caldas solicitamos cambio posición torre energía encuentra ubicada pegada cocina baño descargas eléctricas vemos afectados corrientazos causan anotar casa llegaban tres redes sorpresa cambiado dos justificación alguna parte chec línea según técnico electricista dice sacar acometida abajo halla llegan,,3
pedidos/proyectos,solicitud factibilidad del servicio,proveeremos medidor suministraremos transformador kva suplir demanda puesto salud,,3
pedidos/proyectos,portafolio instalaciones sin cotizacion,solicitud movimiento contador energía zona rural ver documento adjunto,,3
pedidos/proyectos,portafolio trabajos a terceros con cotizacion,solicita interrumpir energía día sábado septiembre motivo poda arboles,,3
pedidos/proyectos,solicitud factibilidad del servicio,medio presente solicitamos estudio viabilidad costos cambiar tension par luz cable llega predio cuenta numero vamos trasladar operaciones dichas bodegas solicitante pidió incluyeran teléfono pablo barbier vieira,,3
pedidos/proyectos,cancelacion de provisional,solicitamos cancelación contrato dirección carrera adjunta solicitud firmada representante legal constructora cámara comercio vigente certificado tradición fotocopia cédula ciudadanía ultima factura pagada radicado,,3
pedidos/proyectos,solicitud de interventoria,observaciones saludos favor solicito interventoria dieron factibilidad llamar cel gracias,,3
pedidos/proyectos,solicitud de interventoria,usuario indica subsano observaciones visita anterior llamar,,3
pedidos/proyectos,portafolio trabajos a terceros con cotizacion,área mantenimiento sodexo bancolombia pretende realizar subestación eléctrica lunes septiembre requerimos apoyo apertura desenergización local conexion cargar factura,,3
pedidos/proyectos,solicitud factibilidad del servicio,solicitud factibilidad servicio ampliación,,3
pedidos/proyectos,solicitud factibilidad del servicio,solicitud factibilidad servicio,,3
pedidos/proyectos,solicitud factibilidad del servicio,solicitud factibilidad servicio,,3
pedidos/proyectos,solicitud factibilidad del servicio,solicitud factibilidad servicio remodelación transformador existente circuito vir,,3
pedidos/proyectos,portafolio trabajos a terceros con cotizacion,oficina bancolombia cuenta subestación eléctrica requiere apoyo chec hacer apertura desenergizar realizar respectivo mantenimiento favor confirmar disponibilidad horario octubre,,3
pedidos/proyectos,solicitud factibilidad del servicio,solicitud factibilidad servicio,,3
pedidos/proyectos,portafolio trabajos a terceros con cotizacion,solicitud maniobra desconexión bornes transformador cpnexión sfv agpe,,3
pedidos/proyectos,solicitud factibilidad del servicio,solicitud factibilidad servicio,,3
pedidos/proyectos,solicitud factibilidad del servicio,solicitud factibilidad servicio,,3
pedidos/proyectos,portafolio trabajos a terceros con cotizacion,oficina bancolombia cuenta subestación eléctrica requiere apoyo chec hacer apertura desenergizar realizar respectivo mantenimiento favor confirmar disponibilidad horario octubre,,3
pedidos/proyectos,portafolio trabajos a terceros con cotizacion,solicito servicio reparación puesta funcionamiento transformador asociado cuenta revisado mediante radicado posible cargada factura plazo meses,,3
pedidos/proyectos,portafolio instalaciones sin cotizacion,solicito corresponda realizar mantenimiento cambio puertas cajas resguardan contadores luz dado llamar atención niños juegan junto caja intentado halar cables representa peligro inminente,,3
pedidos/proyectos,portafolio instalaciones sin cotizacion,tele cambio taco exterior situada subestación eléctrica correspondiente apto últimos días disparado veces dejando luz apartamento,,3
pedidos/proyectos,solicitud factibilidad del servicio,medio presente remito solicitud ampliación,,3
pedidos/proyectos,liquidacion de conexos proyectos,apertura seccion orden instalar nueva,,3
pedidos/proyectos,portafolio trabajos a terceros con cotizacion,correo electronico autorizando realizar pruebas vacio transformador autoriza cuentas cobro,,3
pedidos/proyectos,liquidacion de conexos proyectos,cobros remodelacion parque principal,,3
pedidos/proyectos,revision de proyectos electricos nivel i,ampliacion carga bodega san angel,,3
pedidos/proyectos,solicitud factibilidad del servicio,solicitud ampliación carga tanque agua potable giralda municipio dosquebradas,,3
pedidos/proyectos,revision de proyectos electricos nivel i,solicitud revisión proyecto cabos barriles,,3
pedidos/proyectos,solicitud factibilidad del servicio,buenos días reenvío solicitud factibilidad,,3
pedidos/proyectos,solicitud factibilidad del servicio,factibilidad matadero,,3
pedidos/proyectos,solicitud factibilidad del servicio,solicitud factibilidad radicado mercurio,,3
pedidos/proyectos,revision de proyectos electricos nivel i,soluciones integrales,,3
pedidos/proyectos,portafolio instalaciones sin cotizacion,requiere trasladar servicio calle contacto carolina lopez cel reclamar localidad materiales dig,,3
pedidos/proyectos,solicitud factibilidad del servicio,necesita cambiar sistema local monofásico trifásico,,3
pedidos/proyectos,revision de proyectos electricos nivel ii y iii,solicitud revisión pago factura proyecto tanque giralda,,3
pedidos/proyectos,solicitud factibilidad del servicio,solicitud factibilidad proyecto cancha municipio pacora,,3
pedidos/proyectos,revision de proyectos electricos nivel i,adjunto documentos revisión diseños proyecto factibilidad,,3
pedidos/proyectos,revision de proyectos electricos nivel ii y iii,revisión proyecto número solicitud planta beneficio animal manzanares adjunto envío formatos proyectos factura cancelada planos eléctricos pdf dwg copia licencia construcción ser necesario algún documento adicional corrección gusto atenderé quería consultarle procedimiento debo seguir solicitar visita parte ustedes obra subsanar unas dudas buen dia muchas gracias amable atención,,3
pedidos/proyectos,solicitud factibilidad del servicio,solicitud factibilidad servicio provisional obra cambio sistema bifasico trifasico,,3
pedidos/proyectos,solicitud de interventoria,interventoria cambio sitema trifasico comercial provisional obra nuevo punto conexion nodo,,3
pedidos/proyectos,revision de proyectos electricos nivel ii y iii,anexo documentos solicitados proyecto bodegas nissan,,3
pedidos/proyectos,portafolio trabajos a terceros con cotizacion,solicito amablemente cambio poste frente bodegas externas centro logístico dosquebradas parecer vehículo choco partido lámpara alumbrado público colgando peligro desplome indicarme fin proceder aprobación facilitar trabajo ejecute menor tiempo posible representa,,3
pedidos/proyectos,provisional a definitivo,cambio industrial medidor quemado contacto alirio gonzalez cel,,3
pedidos/proyectos,provisional a definitivo,cambio comercial debe instalar medidor trifilar usuario,,3
pedidos/proyectos,visita puesta en servicio,visita puesta servicio proyecto ampliacion carga planta piedra presentan documentacion retie medida,,3
pedidos/proyectos,provisional a definitivo,cambio clase servicio industrial aporta declaracion dictamenes retie,,3
pedidos/proyectos,portafolio trabajos a terceros con cotizacion,cobro horas acompañamiento precios circular,,3
pedidos/proyectos,revision de proyectos electricos nivel i,actualización proyecto cabos barriles,,3
pedidos/proyectos,revision de proyectos electricos nivel ii y iii,saludos agradezco amable respuesta través medio,,3
pedidos/proyectos,revision de proyectos electricos nivel ii y iii,ingeniero hector adjunto envio planos eléctricos proyecto planta beneficio animal manzanares consideraron observaciones igual forma envían formato revisión proyectos indicando correo electrónico encargado obra memorias cálculo incluyendo cuadros carga agradezco amable atención quedo atento cualquier comentario poder continuar proceso pertinente,,3
pedidos/proyectos,solicitud factibilidad del servicio,dando respuesta solicitud número matrícula existente medidor quedó atento cualquier inquietud,,3
pedidos/proyectos,solicitud factibilidad del servicio,buenas tardes señores chec solicitarles amablemente verificación factibilidad independizacion tercer servicio energía datos encuentran adjunto feliz tarde quedo atento comentarios,,3
pedidos/proyectos,revision de proyectos electricos nivel ii y iii,revision proyecto bodegas nissan,,3
pedidos/proyectos,provisional a definitivo,usuario aporta certificación plena cambio clase servicio provisional definitivo residencial adjunta documentación,,3
pedidos/proyectos,solicitud factibilidad del servicio,solicitud factibilidad call center pensilvania,,3
pedidos/proyectos,solicitud de interventoria,solicitud interventoria cambio sistema monofasico trifasico acometida persona contacto devison vanega,,3
pedidos/proyectos,solicitud factibilidad del servicio,buen dia envio documento solicitud factibilidad filadelfia gracias,,3
pedidos/proyectos,solicitud factibilidad del servicio,sres chec archivo anexo envía solicitud factibilidad ampliación servicio energía cuenta encuentra asignada matadero municipal municipio pácora caldas quedo atento comentarios ing josé hernán rendón arenas cel,,3
pedidos/proyectos,solicitud factibilidad del servicio,factibilidad dosquebradas,,3
pedidos/proyectos,cambio de comercializador,adjunto documentación cliente relacionado asunto notificación cambio comercializador solicitud paz salvo mil gracias cordialmente valeria torres dicel,,3
pedidos/proyectos,solicitud factibilidad del servicio,buenos días adjunta solicitud factibilidad servicio ampliación carga correspondiente proyecto remodelación edificación carrera ciudad manizales,,3
pedidos/proyectos,solicitud factibilidad del servicio,manizales marzo señores central hidroeléctrica caldas dirijo ustedes fin solicitarles asesoría técnica proyecto ubicado calle centro sede iglesia dios ministerial jesucristo internacional instalación existente uso requiere aumento carga instalar sistema aire acondicionado kva adjunto especificaciones dudas así formato factibilidad diligenciado agradezco atención prestada cordialmente hector armando benítez encargado cel correo habenitezs unal edu,,3
pedidos/proyectos,portafolio trabajos a terceros con cotizacion,amablemente solicito informe través puedo solicitar visita revisar unas necesidades mantenimiento red media tensión servicio planta niza encuentra cubierta vegetación puede representar riesgo personas cuenta nomenclatura poste presenta situación,,3
pedidos/proyectos,revision de proyectos electricos nivel ii y iii,adjunta documentación revisión aprobación proyecto eléctrico agradecemos antemano valiosa colaboración cordialmente myriam gladys arias gonzalez ing electricista cel,,3
pedidos/proyectos,revision de proyectos electricos nivel ii y iii,corrección observaciones proyecto,,3
pedidos/proyectos,solicitud factibilidad del servicio,actualización factibilidad edificio torre,,3
pedidos/proyectos,solicitud factibilidad del servicio,solicita factibilidad energía instalación transformador kva,,3
pedidos/proyectos,cambio de sistema,cambio sistema medida directa bifasica semidirecta trifasica,,3
pedidos/proyectos,revision de proyectos electricos nivel ii y iii,presentación proyecto remodelacion planta sacrificio samana,,3
pedidos/proyectos,revision de proyectos electricos nivel ii y iii,medio presente correo solicito revisión diseños proyecto medida media tensión transformador tecniamsa,,3
pedidos/proyectos,solicitud factibilidad del servicio,ampliación servicio energía cambiar bifasica trifasica,,3
pedidos/proyectos,solicitud de interventoria,cambio sistema medida disminución carga,,3
pedidos/proyectos,revision de proyectos electricos nivel ii y iii,revisión proyecto estación ordeño,,3
pedidos/proyectos,portafolio trabajos a terceros con cotizacion,autorizo cambio poste materiales mano obra via terraza lote parque industrial juan chito cargado cuenta sola cuota,,3
pedidos/proyectos,solicitud factibilidad del servicio,cordialmente solicitamos factibilidad servicio proyecto edificio residencial tres pisos cuentas carrera dosquebradas risaralda número cuenta existente,,3
pedidos/proyectos,solicitud factibilidad del servicio,solicitud factibilidad energía,,3
pedidos/proyectos,cambio de sistema,usuario requiere cambio sistema contacto,,3
pedidos/proyectos,portafolio trabajos a terceros con cotizacion,favor colabora solicitud radicándola sac puedan hacer cotización trabajo realizado emergencia días abril poder cobro debe enviar solicitudes técnicas envíen sandra milena parra haga ejecutar anexa formato correo autorización copia factura cargar sola cuota,,3
pedidos/proyectos,solicitud factibilidad del servicio,buenos días adjunto enviando documentos aprobación segunda linea atentamente dora inés méndez,,3
pedidos/proyectos,portafolio trabajos a terceros con cotizacion,cotización adecuación redes distribución edificio ángela maría quede alimentado través transformador propiedad chec trabajo debe ser distribuido partes iguales cuentas relacionan carta adjunta,,3
pedidos/proyectos,solicitud factibilidad del servicio,factibilidad energía cambio medidor,,3
pedidos/proyectos,portafolio trabajos a terceros con cotizacion,cliente solicitando retiro torre proyecto construcción,,3
pedidos/proyectos,revision de proyectos electricos nivel ii y iii,corrección observaciones proyecto,,3
pedidos/proyectos,cambio de sistema,usuario solicita disponibilidad cambio sistema monofásico bifásico informa necesitase contador caja hermetica instalados chec posible financiarlos contacto celular,,3
pedidos/proyectos,revision de proyectos electricos nivel ii y iii,proyecto factibilidad trilladora castilla riosucio caldas,,3
pedidos/proyectos,provisional a definitivo,usuario requiere visita cambio provisional definitivo residencial contacto,,3
pedidos/proyectos,solicitud de interventoria,comedidamente solicito visita interventoría acceder instalación servicio acuerdo solicitud factibilidad aprobada predio ubicado cra etapa barrio hermosa santa rosa cabal ris solicita piso cambio industrial residencial nuevo,,3
pedidos/proyectos,revision de proyectos electricos nivel i,solicitud revisión proyecto subestación eléctrica central sacrificio supía,,3
pedidos/proyectos,solicitud factibilidad del servicio,cliente solicita factibilidad dos nuevas independizaciones vivienda,,3
pedidos/proyectos,revision de proyectos electricos nivel i,revisión proyecto factibilidad,,3
pedidos/proyectos,revision de proyectos electricos nivel i,usuario presenta plano pago fra diseños cruce tal indica respuesta,,3
pedidos/proyectos,solicitud factibilidad del servicio,adjunto envío formato factibilidad servicio energía modalidad ampliación,,3
pedidos/proyectos,cambio de sistema,usuario requiere cambio sistema contacto,,3
pedidos/proyectos,cambio de sistema,usuario slicita cambio desistema monofásico bifásico tnd contacto,,3
pedidos/proyectos,solicitud factibilidad del servicio,solicitud factibilidad servicio municipio merced,,3
pedidos/proyectos,revision de proyectos electricos nivel ii y iii,proyecto fruggy factibilidad,,3
pedidos/proyectos,cambio de sistema,usuario requiere cambio sistema contacto,,3
pedidos/proyectos,solicitud factibilidad del servicio,usuario solicita factibilidad servicio montaje transformador,,3
pedidos/proyectos,cambio de sistema,usuario solicita cambio sistema contacto,,3
pedidos/proyectos,portafolio trabajos a terceros con cotizacion,cliente solicita reubicacion redes energia cruzan encima vivienda ubicada enel concominio margaritas vereda parma cambia municiipo anserma caldas,,3
pedidos/proyectos,solicitud factibilidad del servicio,adjunto envió solicitud factibilidad servicio segundo tercer energía predio,,3
pedidos/proyectos,provisional a definitivo,usuario solicita cambio clase servicio provisional residencial contacto,,3
pedidos/proyectos,provisional a definitivo,usuario requiere cambio uso servicio contacto,,3
pedidos/proyectos,revision de proyectos electricos nivel ii y iii,proyecto trilladora riosucio caldas factibilidad,,3
pedidos/proyectos,provisional a definitivo,usuario solicita cambio provisional definitivo contacto,,3
pedidos/proyectos,revision de proyectos electricos nivel ii y iii,solicitud revisión proyecto licencia construcción existente adaptaron instalaciones realización debe ser nivel tensión,,3
pedidos/proyectos,revision de proyectos electricos nivel ii y iii,adjunta corrección observaciones proyecto mencionado asunto certificado tradición predio edificación construida hace tiempo licencia construcción,,3
pedidos/proyectos,provisional a definitivo,solicitamos visita inspección tramite cambio servicio provisional definitivo medidor ubicado carrera apartamento diagonal parroquia divino niño barrio maya robledo ciudad chinchina solicita comedidamente funcionario asignado contacte favor horas anticipación dia hora debido vivo pereira manera poder desplazarme atender oportunamente respectiva gracias celular,,3
pedidos/proyectos,cambio de sistema,usuario solicita cambio sistema monofásico bifásico contacto,,3
pedidos/proyectos,cambio de sistema,usuario requiere cambio sistema contacto,,3
pedidos/proyectos,solicitud participacion expansion,solicitud participacion repotenciacion tramo red bifasico trifasico proyectada trifasica transformador kva secundaria cable cuadruplex amplaicion carga central beneficio animal,,3
pedidos/proyectos,cambio de sistema,usuario solicita cambio sistema monofasico bifasico,,3
pedidos/proyectos,cambio de sistema,usuario requiere cambio sistema bifásico trifásico interventoria aprobada contacto,,3
pedidos/proyectos,revision de proyectos electricos nivel ii y iii,usuario solicita revisión proyectos,,3
pedidos/proyectos,cambio de sistema,usuario requiere cambio sistema medidor neutro directo empresa contacto,,3
pedidos/proyectos,solicitud factibilidad del servicio,requieren factibilidad servicio provisional obra ojo cuenta presento incendio inmueble solicitan reconstruirla nuevamente notificar francia duque hotmail com,,3
pedidos/proyectos,cambio de sistema,usuario solicita nueva visita cambio sistema monofásico trifásico favor llamar predio desocupado contacto,,3
pedidos/proyectos,cambio de sistema,usuario requiere cambio sistema tnd contacto,,3
pedidos/proyectos,cambio de sistema,usuario requiere cambio sistema bifasico trifasico contacto,,3
pedidos/proyectos,liquidacion de conexos proyectos,pago visita puesta servicio,,3
pedidos/proyectos,liquidacion de conexos proyectos,ampliacion mineros nacionales,,3
pedidos/proyectos,liquidacion de conexos proyectos,pago revisión proyecto traslado transformador medida,,3
pedidos/proyectos,provisional a definitivo,usuario solicita cambio provisional definitivo contacto carlos andrés herrera celular,,3
pedidos/proyectos,provisional a definitivo,usuario presenta dictamen declaracion legalizar servicio provisional,,3
pedidos/proyectos,provisional a definitivo,usuario solicita cambio clase servicio provisional definitivo ojo coordinar visita,,3
pedidos/proyectos,solicitud de interventoria,comunico ustedes solicitar interventoría continuar proceso conexión local comercial cda chinchiná ubicado dirección número factibilidad cuenta respectiva certificación retie,,3
pedidos/proyectos,provisional a definitivo,cambio servicio provisional definitivo,,3
pedidos/proyectos,cambio de sistema,usuario solicita cambio sistema monofásico bifásico interventoria aprobada contacto,,3
pedidos/proyectos,solicitud de interventoria,adjunto respuesta factibilidad energía comedidamente solicito interventoría realización cambio servicio conexión pueden contactarme teléfono,,3
pedidos/proyectos,solicitud viabilidad compra/donacion activos,atendiendo requisitos solicitar oferta parte ustedes transformados propiedad edificio trevi adjuntó documentos solicitaron espero colabores recibir carrera barrio rosales,,3
pedidos/proyectos,portafolio trabajos a terceros con cotizacion,manera mas atenta solicito actualizar cotización radicado nro situación pandemia suspendido construcción finca retomamos dicha nombre beatriz alzate gomes cedula ciudadania,,3
pedidos/proyectos,portafolio instalaciones sin cotizacion,requieren reubicación acometida favor coordinar anticipación atiende angela maria guerra valencia contacto,,3
pedidos/proyectos,revision de proyectos electricos nivel ii y iii,medio presente dirigimos ustedes finalidad solicitar revisión aprobación proyecto tienda apia risaralda archivo adjunto encuentra documentación requerida trámite factibilidad servicio,,3
pedidos/proyectos,revision de proyectos electricos nivel ii y iii,adjunto documentación proyecto tienda apia solicitar amablemente continuar proceso revisión respectivas correcciones realizadas,,3
pedidos/proyectos,cambio de sistema,requieren cambio visita bifasico trifasico coordinar,,3
pedidos/proyectos,cambio de sistema,contacto usuario solicita cambio sistema monofásico trifásico interventoria aprobada anexo documentos materiales facturas permisos incada apoyos,,3
pedidos/proyectos,cambio de sistema,requiere visita cambio sistema monofasico trifasico interventoria aprobada coordinar,,3
pedidos/proyectos,revision de proyectos electricos nivel ii y iii,mirador campestre provisional obra,,3
pedidos/proyectos,portafolio trabajos a terceros con cotizacion,solicita retiro linea media tension propiedad chec fin cumplir retiros seguridad envio fotos sitio evidencia cumplimiento dichas distancias ademas cliente necesidad instalar transformador suplir necesidades consumo kva redireccionamiento cumpliria doble finalidad instalacion favor analizar poste metros haria funcion proyecto cuenta visto bueno operador vinculacion ayuda significativa desarrollo,,3
pedidos/proyectos,cambio de sistema,usuario solicita cambio sistema bifasico trifasico aporta dictamen contacto,,3
pedidos/proyectos,cambio de sistema,usuario solicita cambio sistema monofásico bifásico gabinete interventoria factibilidad aprobadas contacto,,3
pedidos/proyectos,solicitud factibilidad del servicio,caso otorgar punto conexión nivel carga trifásica nro medidor,,3
pedidos/proyectos,revision de proyectos electricos nivel ii y iii,solicitud tercera revisi,,3
pedidos/proyectos,solicitud de interventoria,interventoría proyectosse cancelo error primera acción,,3
pedidos/proyectos,revision de proyectos electricos nivel ii y iii,adjunto documentos correspondientes proyecto finca morena correcciones sugeridas anexa carta justificación parte propietario presentación licencia construcción quedo atento antemano mil gracias,,3
pedidos/proyectos,solicitud factibilidad del servicio,amablemente solicito nuevamente inicio trámite aumentar capacidad instalada cambiar tensión monofásica bifásica instalación cliente héctor alberto serna lópez ubicada finca quiebra miranda vía moravia municipio aranzazu número cuenta anterior debido desean instalar equipos bifásicos nominales ordeño almacenamiento leche operarán simultáneo vacas,,3
pedidos/proyectos,revision de proyectos electricos nivel ii y iii,usuario indica requiere licencia construcción cancela,,3
pedidos/proyectos,solicitud factibilidad del servicio,solicitud factibilidad servicio,,3
pedidos/proyectos,solicitud factibilidad del servicio,solicitud factibilidad ampliación carga proyecto agrupación vivienda campestre trinidad,,3
pedidos/proyectos,revision de proyectos electricos nivel ii y iii,adjunto envió siguientes documentos plano dwf correcciones requeridas email enviado agosto formato solicitud revisión diligenciado,,3
pedidos/proyectos,solicitud factibilidad del servicio,buenos días adjunta formato solicitud factibilidad clinica psiquiátrica san juan dios ciudad manízales caldas,,3
pedidos/proyectos,revision de proyectos electricos nivel i,adjunto documentos revisión proyecto taller industrial respuesta factibilidad servicio energía,,3
pedidos/proyectos,revision de proyectos electricos nivel i,adjunto proyecto correcciones sugeridas revisión antemano muchas gracias quedo atento comentarios nota instalaciones realizar adecuación aumento carga construcción existente allí funcionaba taller motos medidor energía monofásico,,3
pedidos/proyectos,solicitud factibilidad del servicio,favor cambiar medidor existente trifásico instalar torno acometida nro,,3
pedidos/proyectos,solicitud de interventoria,usuario solicita nueva visita interventoria cambio sistema bifásico trifásico contacto,,3
pedidos/proyectos,solicitud factibilidad del servicio,favor colaboración estudio factibilidad cambio transformador torre claro número cuenta ubicado municipio santa rosa cabal vereda san andres,,3
pedidos/proyectos,solicitud factibilidad del servicio,buenos dias pena olvido adjunto envio nuevamente envia solicitud aumento carga direccion cra supia instalar aires acondicionados kva cada predio funcionar cda motos gracias atencion prestada,,3
pedidos/proyectos,solicitud factibilidad del servicio,buenas tardes ing armando anexo solicitud factibilidad servicio aumento carga requiere alimentar nuevo supercomputador bios alimentación actualmente sale transformador ecoparque yarumos transfo kva disponibilidad total tal existe facturación chec aparece biblioteca nombre instituto cultura turismo cuenta,,3
pedidos/proyectos,solicitud cambio de comercializador (exporta),buenas tardes adjunto documentos cambio comercializador cliente asunto respectivo tramite expedición certificados paz salvo entrega hojas técnicas equipos medida programación adecuaciones igual manera solicitamos caso presente deuda envíen respectiva factura cordialmente,,3
pedidos/proyectos,provisional a definitivo,favor coordinar predio solo contacto usuario solicita visita cambio provisional definitivo adjunta factura vecino estrato,,3
pedidos/proyectos,provisional a definitivo,permito informarle cliente cumplió recomendaciones dadas día visita anterior solicito comedidamente gestión grabar solicitud manera haga nueva empresa pueda proceder cambio uso tarifa adecuada inmueble,,3
pedidos/proyectos,provisional a definitivo,usuario solciita cambio provisional definitivo email,,3
pedidos/proyectos,provisional a definitivo,usuario solicita nueva visita cambio provisional definitivo residencial contacto,,3
pedidos/proyectos,provisional a definitivo,usuario solicita cambio provisional definitivo contacto,,3
pedidos/proyectos,cambio de sistema,usuario solicita cambio servicio monofasico trifasico interventoria aprobada suministrar medidor chec,,3
pedidos/proyectos,solicitud factibilidad del servicio,medio presente correo solicito comedidamente amplíe plazo factibilidad vence próximo septiembre raíz pandemia suspendido labores civiles eléctricas dicha propiedad adjunto solicitud inicial respuesta,,3
pedidos/proyectos,solicitud cambio de comercializador (exporta),dicel solicita llevarse usuario ser nuevo comercializador,,3
pedidos/proyectos,solicitud cambio de comercializador (exporta),vatia adjunta documentos cambio comercializador sedes cliente respectivo tramite expedición certificados paz salvo entrega hojas técnicas equipos medida programación adecuaciones igual manera solicita caso presente deuda envíe respectiva factura,,3
pedidos/proyectos,solicitud cambio de comercializador (exporta),comercializador energía neu energy cliente rufina perdomo número contrato escogido nuevo eléctrica amablemente solicitamos programar visitas técnicas revisión instalación medidor adjuntamos,,3
pedidos/proyectos,solicitud cambio de comercializador (exporta),dicel solicita llevarse usuario ser nuevo comercializador,,3
pedidos/proyectos,solicitud factibilidad del servicio,solicitud factibilidad servicio,,3
pedidos/proyectos,revision de proyectos electricos nivel ii y iii,buenos días envío proyecto correcciones hechas empresa muchas gracias,,3
pedidos/proyectos,solicitud participacion expansion,requiere montaje transformador trifasico proyecto recuperadora plastico carga kva vda rio claro nodo,,3
pedidos/proyectos,revision de proyectos electricos nivel ii y iii,adjunta revisión proyecto eléctrico central sacrificio palestina,,3
pedidos/proyectos,revision de proyectos electricos nivel ii y iii,aumento carga puesto salud remodelación incluyendo sistema bombeo suministro agua bombas red contraincendios calentadores eléctricos planta eléctrica emergencia rack ups fin suplir necesidades santa cecilia kva,,3
pedidos/proyectos,revision de proyectos electricos nivel ii y iii,adjunto documentación pertinente revisión proyecto honda pedido número,,3
pedidos/proyectos,revision de proyectos electricos nivel ii y iii,revisión proyectos eléctricos nivel,,3
pedidos/proyectos,solicitud factibilidad del servicio,buenas tardes señores chec envío archivo adjunto solicitud factibilidad proyecto supermercado alpes municipio dorada,,3
pedidos/proyectos,solicitud factibilidad del servicio,otorgo factibilidad junio requiere además cambiar actual medidor provisional trifilar trifásico pruebas ascensor,,3
pedidos/proyectos,solicitud factibilidad del servicio,cuenta servicio provisional bifásico necesita cambio trifásico,,3
pedidos/proyectos,provisional a definitivo,requieren visita validar cambio clase servicio provisional definitivo residencial aporta declaración cumplimiento contacto santiago rincón electricista,,3
pedidos/proyectos,portafolio instalaciones sin cotizacion,usuario solicita visita reubicacion medidor parte externa predio contacto,,3
pedidos/proyectos,cambio de sistema,favor contactar día desplazar pereira contacto usuario solicita cambio sistema bifásico trifásico realizo proceso factibilidad interventoria cuenta,,3
pedidos/proyectos,solicitud cambio de comercializador (exporta),renovatio trading americas relaciona cuenta elegido comercializadores basados ley libertad usuario elija libremente comercializador servicios públicos domiciliarios además solicita paz salvo usuarios tramitar registro asic informa asumiran pago consumos facturados realizados cliente quedaran pendientes chec anterior acogen numeral artículo resolución creg aceptamos ser garantes referencia efecto adjuntan siguientes documentos notificación cambio parte autorización cobro,,3
pedidos/proyectos,cambio de sistema,coordinar visita contacto cuarto servicio comercial trifasico requiere mts acometida conexion red carro canastase debe cancelar ingreso proceso errado,,3
pedidos/proyectos,solicitud viabilidad compra/donacion activos,remitimos nuevamente documentos acta asamblea extraordinaria edificio autorizamos donación activo hace parte trevi junto firmas quedamos atentos paso proceder transformador calidad,,3
pedidos/proyectos,solicitud cambio de comercializador (exporta),renovatio trading americas relaciona cuenta elegido comercializadores basados ley libertad usuario elija libremente comercializador servicios públicos domiciliarios además solicita paz salvo usuarios tramitar registro asic informa asumiran pago consumos facturados realizados cliente quedaran pendientes chec anterior acogen numeral artículo resolución creg aceptamos ser garantes referencia efecto adjuntan siguientes documentos notificación cambio parte autorización cobro,,3
pedidos/proyectos,revision de proyectos electricos nivel ii y iii,buenas tardes adjunto documentos revisión proyecto denominado traslado transformador clínica san juan dios ciudad manizales adjunta licencia construcción solo existente aumento carga cambios edificación hace tema estético factibilidad nro igual forma misma,,3
pedidos/proyectos,revision de proyectos electricos nivel ii y iii,buenos días adjunto proyecto diferentes correcciones exigidas adjunta factibilidad número cliente solicitud,,3
pedidos/proyectos,solicitud factibilidad del servicio,solicitud factibilidad servicio,,3
pedidos/proyectos,solicitud factibilidad del servicio,pretende cambio medidor bifasico trifasico,,3
pedidos/proyectos,revision de proyectos electricos nivel ii y iii,agradeciendo información suministrada respuesta requerimiento continuar proceso revisión aprobación diseño eléctrico adjuntamos formato diligenciado firmado proyectos memorias cálculo planos grabados extensión dwf pdf comprobante pago factura diseños proyecto cuestión requiere licencia construcción puesto realizar ninguna modificación estructural construir ningún tipo edificación montaje módulos piscicultura,,3
pedidos/proyectos,solicitud factibilidad del servicio,solicito amable colaboración factibilidad ampliación capacidad servicio acuerdo formato adjunto mil gracias,,3
pedidos/proyectos,portafolio trabajos a terceros con cotizacion,solicitamos retirar acometida media tensión adjunta solicitud,,3
pedidos/proyectos,cambio de sistema,usuario solicita cambio sistema bifásico trifásico contacto,,3
pedidos/proyectos,solicitud cambio de comercializador (exporta),renovatio trading americas relaciona cuenta elegido comercializadores basados ley libertad usuario elija libremente comercializador servicios públicos domiciliarios además solicita paz salvo usuarios tramitar registro asic informa asumiran pago consumos facturados realizados cliente quedaran pendientes chec anterior acogen numeral artículo resolución creg aceptamos ser garantes referencia efecto adjuntan siguientes documentos notificación cambio parte autorización cobro,,3
pedidos/proyectos,solicitud cambio de comercializador (exporta),renovatio trading americas relaciona cuenta elegido comercializadores basados ley libertad usuario elija libremente comercializador servicios públicos domiciliarios además solicita paz salvo usuarios tramitar registro asic informa asumiran pago consumos facturados realizados cliente quedaran pendientes chec anterior acogen numeral artículo resolución creg aceptamos ser garantes referencia efecto adjuntan siguientes documentos notificación cambio parte autorización cobro,,3
pedidos/proyectos,solicitud factibilidad del servicio,hotel actualmente código transformador man reforma comprende unificación cuentas usuario seria cancelación existentes,,3
pedidos/proyectos,solicitud cambio de comercializador (exporta),renovatio trading americas relaciona cuenta elegido comercializadores basados ley libertad usuario elija libremente comercializador servicios públicos domiciliarios además solicita paz salvo usuarios tramitar registro asic informa asumiran pago consumos facturados realizados cliente quedaran pendientes chec anterior acogen numeral artículo resolución creg aceptamos ser garantes referencia efecto adjuntan siguientes documentos notificación cambio parte autorización cobro,,3
pedidos/proyectos,provisional a definitivo,usuario solicita cambio provisional definitivo presenta dictamen instalación especial jacuzzi debe verificar terreno contacto,,3
pedidos/proyectos,solicitud factibilidad del servicio,buenas tardes requiere aumento carga misma cuenta momentos cuentan trafo kva trifasico volt pretende instalar equipo medida independiente medidor adicional anterior quedarian dos cuentas sometidas mismo posible,,3
pedidos/proyectos,provisional a definitivo,solicita cambio provisional definitivo presenta dictamen instalación especial contacto,,3
pedidos/proyectos,solicitud cambio de comercializador (exporta),comercializador energía neu energy notifica usuario eduardo antonio botero jaramillo número contrato escogido nuevo eléctrica anterior solicita generación paz salvo registro asic adjunta,,3
pedidos/proyectos,solicitud cambio de comercializador (exporta),renovatio trading americas relaciona cuenta elegido comercializadores basados ley libertad usuario elija libremente comercializador servicios públicos domiciliarios además solicita paz salvo usuarios tramitar registro asic informa asumiran pago consumos facturados realizados cliente quedaran pendientes chec anterior acogen numeral artículo resolución creg aceptamos ser garantes referencia efecto adjuntan siguientes documentos notificación cambio parte autorización cobro,,3
pedidos/proyectos,solicitud cambio de comercializador (exporta),renovatio trading americas relaciona cuenta elegido comercializadores basados ley libertad usuario elija libremente comercializador servicios públicos domiciliarios además solicita paz salvo usuarios tramitar registro asic informa asumiran pago consumos facturados realizados cliente quedaran pendientes chec anterior acogen numeral artículo resolución creg aceptamos ser garantes referencia efecto adjuntan siguientes documentos notificación cambio parte autorización cobro,,3
pedidos/proyectos,provisional a definitivo,usuario solicita cambio provisional definitivo contacto,,3
pedidos/proyectos,cambio de sistema,usuario solicita cambio sistema monofásico bifásico misma visita orden diferente programo provisional definitivo contacto,,3
pedidos/proyectos,provisional a definitivo,requieren medidores tni aporta empresa cobros deben realizar cuenta sola cuota proyecto nombre apartahotel,,3
queja,inconformidad con el canal de atencion,rad logrado pagar medio pse favor confirmar pago límite enero gracias feliz año,,1
queja,inconformidad por la programacion de interrupcione,rad suspensión servicio informado intervención contratistas generando retrasos agenda poder abrir puerta eléctrica edificio señalizaron inicio labores acuerdo foro tomada,,1
queja,falla en la prestacion del servicio por continuidad,rad vivo familia suegro suscriptor dirección mencionada escribo pára quejarme lasd contanrtes interrupciones dels ervicio última semana especialmente día ayer enero varios cortes continuos ustedes saben pueden causar electrodomésticos equipos solicito revisión eloq ocurre,,1
queja,falla en la prestacion del servicio por calidad,falla servicio red comercial presentada dia enero predio descrito,,1
queja,entrega inoportuna o no entrega de la factura,permito nuevo presentar queja respecto tema entrega factura mencionado varias quejas anteriores sigue pasando empresa ustedes haciendo mismo procedimiento dejándola apartamento entregandola ultimo mes domicilio corresponde menci,,1
queja,falla en la prestacion del servicio por calidad,lado casa encuentra poste luz diario hace explosion siempre sido noche dejan toda mañana llama reporta daño aca oficina arauca caldas solo dicen reporten van vienen despues mediodia pegan vela nunca hagan trabajo alli,,1
queja,entrega inoportuna o no entrega de la factura,solicitud queja reclamo manifestar dia domingo febrero facturas llegaron demas casas alrededor casa llegó factura entregado domicilio preocupa pues cumplida pagos mensuales conviene acumular dos meses pido favor colaboracion hagan llegar,,1
queja,entrega inoportuna o no entrega de la factura,rad estan llegando facturas llegó correo autorizacion notificacion,,1
queja,suspension o corte del servicio,inconformidad orden suspensión efectiva servicio habiéndose cancelado factura correspondiente anterior,,1
queja,demora en atender peticion,mes diciembre realice solicitud hace quinces días instalaron poste costado casa quitado encuentra mitad vivienda,,1
queja,demora en atender peticion,mes diciembre realice solicitud traslado porte encuentra ubicado mitad casa deseo instalar portón vivienda poste dificulta entrada vehuculo necesario ubicación dicho hace instalaron nuevo lado sigue cas,,1
queja,falla en la prestacion del servicio por calidad,dia marzo tarde presentaron irregularidades niveles tensión red cuanto midió toma corrientes lectura dio puede ocasionar daños equipos funcionar bajas tensiones falla continuo almenos dos horas,,1
queja,falla en la prestacion del servicio por continuidad,día predio quedó servicio energía,,1
queja,inconformidad con la informacion,crea reporte cierran visitar predio informando llamaron usuario ningún momento realizo recibió llamada tal motivo genera nuevo garantizar servicio,,1
queja,inconformidad con la informacion,solicite chec dorada caldas servicio energía vivienda nueva financie cuota dicha instalación abarcaba contador acometida hecho presentó dentro daño equipo soldadura utilizado realizar arreglo casa aún siendo habitada pues,,1
queja,entrega inoportuna o no entrega de la factura,solicitó nueva recibos entregados garaje dirección establecida,,1
queja,inconformidad con el canal de atencion,hagan ajustes contratista envíe realizar labor condominio misma persona hoy marzo efecto realizado conocedor lugar ubicados medidores fin trabajador contratado haga labores ustedes,,1
queja,inconformidad trabajos,hace aproximadamente dos años presentó queja chec factura llegando costosa vivienda denominada morelia frente petición realizó revisión funcionario encargado manifestó causa probable podría deber cable delgado sugirieron éste debía cambiar,,1
queja,falla en la prestacion del servicio por calidad,revision completa casa presentando caida tension perjudicando electrodomesticos usuario cpap respirador mecanico afactando baja ocasiones tan afecta equipo toca desconectarlo poniendo riesgo salud favor espero pronta solucion,,1
queja,inconformidad con el canal de atencion,reclamo señora madre mariela patiño carmona propietaria inmueble canceló factura mes enero día febrero recibo perdió ahora llega doble acerca servicio cliente junto parque caldas dan historial pago solicito hoy ayer dieran últim,,1
queja,inconformidad con la informacion,buena noche foto ustedes envian barrio nevado contador vereda alto naranjo,,1
queja,falla en la prestacion del servicio por calidad,buenos dias abril permito reportar sector estambul ciudad manizales madrugada hoy encuentra energia espera pronta solucion mil gracias colaboración orden,,1
queja,falla en la prestacion del servicio por calidad,usuario chec grupo epm vista solucionado problema recurro usted aunque conozco prioridades creo merecer respeto clasifican estrato siendo predio rural podrá verificar sometidos racionamiento permanente bajas tensión cortes energía abruptos mal trato parte funcionarios,,1
queja,suspension o corte del servicio,llamo números aparecen factura dan solución cortaron servicio dijeron hoy reconectaban hora puesto puedo quedarme luz fin semana,,1
queja,inconformidad con la informacion,solicito estudiar detenidamente respuesta ministerio minas claramente casa adquirida fabricada transportada integrada sino armado realizado sitio así instalaciones eléctricas instalación menor kva únicamente puede exigir parte ustedes declaración cumplimiento,,1
queja,inconformidad con la informacion,encuentro inconforme atención brindaron punto riosucio acerqué averiguar hacia cambio sistema dieron indicaciones totales caso día hoy realizar visita dicen debo hacer unas modificaciones líneas cosa entiendo manejo términos eléctricos compre medidor demás,,1
queja,falla en la prestacion del servicio por calidad,usuarios dependientes transformador viene presentando alti bajos energia impide buen funcionamiento aparatos electricos,,1
queja,falla en la prestacion del servicio por calidad,favor colaboran informando causas falla energía presentada circuito viterbo samanes días abril registró número reporte día cerrado siguiente información asociado visita usuario encuentra servicio normal,,1
queja,falla en la prestacion del servicio por calidad,resido calle belén umbría finales año actualidad presentado incontables suspensiones servicio energía situación extiende varios sectores municipio empresa oportunidades informa fallas cortes presentan manera intempestiva,,1
queja,inconformidad con la informacion,resulta curioso funcionario chec desplazado finca revisado personalmente medidor registrado consumo totalmente diferente aparece lectura cabe resaltar dicha vivienda desocupada mes marzo únicamente utilizado servicio energía hacer unas reparaciones menores,,1
queja,inconformidad con la informacion,solicitamos cancelación dos puntos energía dicen debemos pagar adicional adjuntan recibo factura equivalente poder solicito medio envíen correo nombran carta adjunta desconectar servicio,,1
queja,entrega inoportuna o no entrega de la factura,recomendacion entrega facturas dejan piso importar condiciones climaticas caso especifico buzon entrada casa deje correspondencia gracias espero pueda mejorar mas servicio cliente,,1
queja,inconformidad con el canal de atencion,factura mes mayo intentado pagar deja través página informa cuenta pendientes pago agradezco confirmación pues nunca aparecido disponible pagarla sido debitado preocupa vaya desconectar servicio,,1
queja,inconformidad trabajos,dicen acometida quedo mal instlada sobrecarga dañado dos electrodomésticos ademas llega cara factura muchas gracias atención,,1
queja,demora en reparar dano,realiza reporte día junio radicado hace seguimiento cuadrilla asignada continua servicio consulta solicitamos reparación manera prioritaria asignar responsable área técnica podamos reunir par,,1
queja,inconformidad con la informacion,llame línea reportar poste mal pasaba corriente viene personal hacer verificación indican revisión costo haber llamado emergencias debo firmar orden dicho cobro inmediato llamo cancelar,,1
queja,inconformidad con la informacion,respuesta correo julio asunto atención requerimiento instalación radicación querer controvertir informo casi contrario funcionario confirmó visita junio poste presenta agrietamientos encuentra espacio casa termina,,1
queja,entrega inoportuna o no entrega de la factura,pedí llegar factura correo registrado datos aparecen nombre cliente bien menos ingreso pago reconoce cuenta pagar quiero registro nuevo deja envié certif tradición habilitada web llega ayuda gracias,,1
queja,inconformidad con el canal de atencion,mes pasado intentado pagar factura internet sido posible recibo aparece doy opción pago sale aviso error encontraron registros consulta entonces toca imprimir pagarlo punto fácil favor revisar aplicación resolver problema,,1
queja,falla en la prestacion del servicio por continuidad,trata comunicar linea atención posible informa falla suministro energía antena claro ubicada municipio merced vereda tambor nunero nie,,1
queja,inconformidad con la informacion,inconformidad cotizaciones peticion radicada numero,,1
queja,inconformidad con el canal de atencion,posbile establecer comunicacion electrificadora chec reportar falla suministro energia antena claro ubicada municipio risaralda numero cuenta,,1
queja,falla en la prestacion del servicio por continuidad,antena cad norcacia presenta falta fluido electrico electrificadora contesta reportar falla,,1
queja,inconformidad con el canal de atencion,posible establecer comunicacion elctrificadora chec falla suministro energia antena claro ubicada municipio dos quebradas barrio campestre manzana urbanización quintas cuenta,,1
queja,inconformidad con el canal de atencion,posbile establecer comunicacion electrificadora chec reportar falla suministro energia antena claro ubicada municipio virginia numero cuenta,,1
queja,inconformidad con el canal de atencion,pocible establecer comunicacion elctrificador chec falla suministro energia antena claro ubicada municipio virginia hacienda jamaica vereda planes cta,,1
queja,falla en la prestacion del servicio por continuidad,trata comunicar linea atención posible informa falla suministro energía antena claro ubicada finca jamaica vereda planes balboa municipio virginia risaralda nunero nie,,1
queja,inconformidad con la informacion,trata comunicar linea atención posible informa falla suministro energía antena claro ubicada vereda san bartola sector cumbre finca palmira municipio pacora caldas colombia nunero nie,,1
queja,inconformidad con la informacion,falso autorización mencionan cuanto nunca autorizado nadie coloquen postes propiedad,,1
queja,inconformidad con el canal de atencion,intenta reportar falla energía medio telefónico embargo responden web reporta asesor automático línea brinda número reporte tal motivo genera pqr,,1
queja,falla en la prestacion del servicio por calidad,edificio general residentes quejan constantemente bajas energía generado incluso daño electrodomésticos pequeños continuamente luz vuelve vuelven activarse agradecemos realicen revisiones pertinentes cometida llega contadores internos copropiedad identificar,,1
queja,inconformidad con el canal de atencion,posbile establecer comunicacion electrificadora chec reportar falla suministro energia antena claro ubicada municipio quinchia numero cuenta,,1
queja,falla en la prestacion del servicio por continuidad,trata comunicar linea atención posible informa falla suministro energía eléctrica antena claro localizada chinchina caldas lote ubicado cerca planta san francisco chec sector esmeralda puente,,1
queja,falla en la prestacion del servicio por calidad,inconformidad cortes energía frecuentes,,1
queja,inconformidad con el canal de atencion,trata comunicar linea atención posible informa falla suministro energía eléctrica antena claro localizada santuario risaralda lote ubicado calle cra,,1
queja,inconformidad con el canal de atencion,posbile establecer comunicacion electrificadora chec reportar falla suministro energia antena claro ubicada municipio santa rosa cabal numero cuenta,,1
queja,inconformidad punto de venta y/o recaudo,página web permite realizar pago correspondiente factura intenta pagar medio correo muestra mensaje error número cuenta encontraron facturas fechas vencimiento validas adjunto evidencia,,1
queja,inconformidad punto de venta y/o recaudo,tratando ingresar pagina realizar pago fra correspondiente cuenta inscrita deja dichos pagos muchas gracias,,1
queja,entrega inoportuna o no entrega de la factura,factura llega correo electrónico llegado cancelar hago,,1
queja,falla en la prestacion del servicio por continuidad,últimanente presentado varias ocasiones cortes fluído eléctrico vuelve veces pocos minutos relaciona descargas eléctricas aguaceros fuertes,,1
queja,entrega inoportuna o no entrega de la factura,desearía saber vuelto llegar facturas energía chec correo electrónico sorangel osorio gmail com dado momento llegado factura correspondiente mes agosto anterior solicito nuevamente enviadas mencionado gracias,,1
queja,comportamiento funcionario (trabajador-contra),señora maría carmen martinez empleada central hidroeléctrica seccional salamina dicha funcionaria persona atención pésima hacia usuarios atiente mala gana personal ingresa oficina gracias prestada error grabar proceso indico causa final creara nuevo,,1
queja,falla en la prestacion del servicio por continuidad,presenta ausencia energia claro man nubia dia intenta comunicacion linea atencion exito solicita revision condiciones lugar ods,,1
queja,inconformidad con el canal de atencion,presenta ausencia energia claro man nubia dia intenta comunicacion linea atencion exito solicita revision condiciones lugar ods,,1
queja,falla en la prestacion del servicio por continuidad,trata comunicar linea atención posible informa falla suministro energía antena claro ubicada cerro penagos lado emisora ecorama marquetalia nunero nie ods,,1
queja,inconformidad con el canal de atencion,trata comunicar linea atención posible informa falla suministro energía antena claro ubicada cerro penagos lado emisora ecorama marquetalia nunero nie ods,,1
queja,falla en la prestacion del servicio por continuidad,trata comunicar linea atención posible informa falla suministro energía eléctrica antena cad pensilvania claro localizada caldas predio ubicado finca escobar,,1
queja,inconformidad con el canal de atencion,trata comunicar linea atención posible informa falla suministro energía eléctrica antena cad pensilvania claro localizada caldas predio ubicado finca escobar,,1
queja,falla en la prestacion del servicio por continuidad,gracias interrumpiendo servicio demasiadas ocasiones equipos electrónicos sufriendo afectaciones pues laboro teletrabajo además afectando trabajo últimos minutos quitado puesto energía veces pésima gestión,,1
queja,falla en la prestacion del servicio por continuidad,sector presentado apagones constantes peligrando correcto funcionamiento electrodomésticos razón solicité servicio cliente revisión parte ustedes funcionaria manifiesta transformador daño reparación corre cuenta cada quiero dejar claro conjunto cerrado unidad residencial condominio barrio pertenece municipio dosquebradas agradezco favor revisar caso contrario veré sometido dirigirme superintendencia servicios públicos empresa debe garantizarme prestación optimas condiciones quedo atento gracias,,1
queja,entrega inoportuna o no entrega de la factura,llegando factura física electronica empresa genera demoras pagos,,1
queja,inconformidad con el canal de atencion,trata comunicar linea atención posible informa falla suministro energía antena claro ubicada san jose caldas colombia vereda paz finca esmeralda josé nunero nie,,1
queja,inconformidad con el canal de atencion,trata comunicar linea atención posible informa falla suministro energía antena claro ubicada finca monte rey vereda cabaña nunero nie,,1
queja,demora en reparar dano,trata comunicar linea atención posible informa falla suministro energía antena claro ubicada finca monte rey vereda cabaña nunero nie,,1
queja,falla en la prestacion del servicio por continuidad,trata comunicar linea atención posible informa falla suministro energía antena claro ubicada cerro penagos lado emisora ecorama marquetalia nunero nie ods,,1
queja,inconformidad con el canal de atencion,trata comunicar linea atención posible informa falla suministro energía antena claro ubicada cerro penagos lado emisora ecorama marquetalia nunero nie ods,,1
queja,falla en la prestacion del servicio por continuidad,presenta ausencia energia antena claro cho guarato intenta comunicacion linea telefonica exito solicita amablemente revision condiciones electricas lugar ods,,1
queja,inconformidad con el canal de atencion,presenta ausencia energia antena claro cho guarato intenta comunicacion linea telefonica exito solicita amablemente revision condiciones electricas lugar ods,,1
queja,entrega inoportuna o no entrega de la factura,usuario solicita favor sigan llegando facturas inmueble últimos dos meses entregado,,1
queja,falla en la prestacion del servicio por continuidad,trata comunicar linea atención posible informa falla suministro energía eléctrica antena ris isla claro localizada risaralda belen umbria predio ubicado vereda aguacate finca montesol ods,,1
queja,inconformidad con el canal de atencion,trata comunicar linea atención posible informa falla suministro energía eléctrica antena ris isla claro localizada risaralda belen umbria predio ubicado vereda aguacate finca montesol ods,,1
queja,falla en la prestacion del servicio por continuidad,trata comunicar linea atención posible informa falla suministro energía antena claro ubicada municipio palestina vereda lobos finca quinta nunero nie,,1
queja,inconformidad con el canal de atencion,trata comunicar linea atención posible informa falla suministro energía antena claro ubicada municipio palestina vereda lobos finca quinta nunero nie,,1
queja,falla en la prestacion del servicio por continuidad,trata comunicar linea atención posible informa falla suministro energía eléctrica antena cad san miguel claro localizada caldas samana predio ubicado vereda guacamayal finca recreo ods,,1
queja,inconformidad con el canal de atencion,trata comunicar linea atención posible informa falla suministro energía eléctrica antena cad san miguel claro localizada caldas samana predio ubicado vereda guacamayal finca recreo ods,,1
queja,falla en la prestacion del servicio por continuidad,trata comunicar linea atención posible informa falla suministro energía antena claro ubicada municipio palestina vereda lobos finca quinta nunero nie,,1
queja,inconformidad con el canal de atencion,trata comunicar linea atención posible informa falla suministro energía antena claro ubicada carrera chipre viejo nunero nie,,1
queja,falla en la prestacion del servicio por continuidad,presenta ausencia energia creo odt,,1
queja,falla en la prestacion del servicio por continuidad,cliente queja ausencia servicio centro comercial previa notificaron hace responsable perjuicios llegaren causar hecho,,1
queja,inconformidad con la informacion,día hoy afuera casa quemaron cables van dicen debo pagar cambio creo junto cuento recursos arreglo,,1
queja,falla en la prestacion del servicio por continuidad,serios problemas servicio presenta intermitencia varios electrodomesticos quemado antigua acometidas requiere cambiarlas así dotar finca energía,,1
queja,falla en la prestacion del servicio por calidad,cómo cayó vela llevamos días energía,,1
queja,falla en la prestacion del servicio por calidad,problemas calidad voltaje presentando daños motobombas sistemas precios solicitó verificación,,1
queja,inconformidad con el canal de atencion,representantes movistar tratando comunicarnos reportar falla sido imposible comunicación plataforma lucy call center ocasionando perjuicios sistemas,,1
queja,inconformidad con la informacion,frente imposibilidad dia pagos servicio solicitado mes pasado realizar parciales ltimo periodo solicitud negada anterior hab hecho pago parcial comparto politica empresa,,1
queja,inconformidad punto de venta y/o recaudo,mes septiembre intenté pagar factura linea imposible llevo varios meses pagando medio pasó hoy comenzamos nuevo todavía podido parece mal gusto suceda agradecería organizara problema pues quiero próxima llegue doble muchas gracias,,1
queja,falla en la prestacion del servicio por continuidad,presenta falla fluido electrico predio numero cuenta linea atencion cliente atiende llamadas,,1
queja,inconformidad con el canal de atencion,presenta falla fluido electrico predio numero cuenta linea atencion cliente atiende llamadas,,1
queja,falla en la prestacion del servicio por continuidad,trata comunicar linea atención posible informa falla suministro energía antena claro ubicada paraje minarador travesias sector vista hermoza cerro encuentra torre movistar nunero nie,,1
queja,falla en la prestacion del servicio por continuidad,trata comunicar linea atención posible informar falla suministro energía eléctrica antena ris balboa claro localizada risaralda,,1
queja,falla en la prestacion del servicio por continuidad,intenta establecer comunicación líneas atención cliente electrificadora che posible solicita verificación fluido eléctrico encuentra servicio presente día ubicada municipio marulanda frente instituto efren cardona chica,,1
queja,falla en la prestacion del servicio por continuidad,informa falla suministro energía antena claro ubicada sector alto virgen finca pradera aguadas caldas colombia numero nie,,1
queja,falla en la prestacion del servicio por continuidad,trata comunicar linea atención posible informa falla suministro energía antena claro ubicada vereda tierra fría arma allí pasa vivienda recreo piscina punto predio nunero nie,,1
queja,falla en la prestacion del servicio por continuidad,trata comunicar linea atención posible informa falla suministro energía eléctrica antena claro localizada marulanda caldas lote manga corregimiento montebonito,,1
queja,inconformidad con el canal de atencion,trata comunicar linea atención posible informa falla suministro energía eléctrica antena claro localizada marulanda caldas lote manga corregimiento montebonito,,1
queja,inconformidad con el canal de atencion,trata comunicar linea atención posible informa falla suministro energía antena ris tambores claro ubicada corregimiento finca san gabriel numero nie,,1
queja,falla en la prestacion del servicio por continuidad,trata comunicar linea atención posible informa falla suministro energía antena ris tambores claro ubicada corregimiento finca san gabriel numero nie,,1
queja,falla en la prestacion del servicio por continuidad,informa falla suministro energía eléctrica antena claro localizada guatica risaralda lote terreno finca chinamato vereda bendecida,,1
queja,falla en la prestacion del servicio por continuidad,trata comunicar linea atención posible informa falla suministro energía antena claro ubicada lote terreno finca chinamato vereda bendecida nunero nie,,1
queja,falla en la prestacion del servicio por continuidad,informar falla suministro energía eléctrica antena cad san rafael claro localizada caldas,,1
queja,falla en la prestacion del servicio por continuidad,trata comunicar linea atención posible informa falla suministro energía eléctrica antena claro localizada palestina caldas finca villa dora vereda inquisicion,,1
queja,inconformidad con el canal de atencion,trata comunicar linea atención posible informa falla suministro energía eléctrica antena claro localizada palestina caldas finca villa dora vereda inquisicion,,1
queja,falla en la prestacion del servicio por continuidad,trata comunicar linea atención posible informa falla suministro energía antena claro ubicada municipio palestina vereda rochela condominio sausalito finca carolina nunero nie,,1
queja,inconformidad con el canal de atencion,trata comunicar linea atención posible informa falla suministro energía antena claro ubicada municipio palestina vereda rochela condominio sausalito finca carolina nunero nie,,1
queja,inconformidad con el canal de atencion,trata comunicar linea atención posible informa falla suministro energía antena claro ubicada carrera alta suiza nunero nie,,1
queja,falla en la prestacion del servicio por continuidad,trata comunicar linea atención posible informa falla suministro energía antena claro ubicada carrera alta suiza nunero nie,,1
queja,falla en la prestacion del servicio por continuidad,trata comunicar linea atención posible informa falla suministro energía antena claro ubicada finca brillante vereda laurel neira nunero nie,,1
queja,falla en la prestacion del servicio por continuidad,quiere generar reporte electrificadora contesta presenta posible falla man centro cuenta,,1
queja,falla en la prestacion del servicio por continuidad,trata comunicar linea atención posible informa falla suministro energía antena claro ubicada carrera urbanización rambla nunero nie,,1
queja,inconformidad con el canal de atencion,trata comunicar linea atención posible informa falla suministro energía antena claro ubicada carrera urbanización rambla nunero nie,,1
queja,falla en la prestacion del servicio por continuidad,trata comunicar linea atención posible informa falla suministro energía antena ris belen umbria claro ubicada calle carrera numero nie,,1
queja,inconformidad con el canal de atencion,trata comunicar linea atención posible informa falla suministro energía antena ris belen umbria claro ubicada calle carrera numero nie,,1
queja,inconformidad con el canal de atencion,trata comunicar linea atención posible informa falla suministro energía antena cad dorada ferias claro ubicada barrio motel edén numero nie,,1
queja,falla en la prestacion del servicio por continuidad,trata comunicar linea atención posible informa falla suministro energía antena cad dorada ferias claro ubicada barrio motel edén numero nie,,1
queja,falla en la prestacion del servicio por continuidad,queja peticionario frecuentes ausencias servicio ocasión lluvias vientos vereda san josé corregimiento bonafont solicita revisión redes mantenimiento mismas problemática afecta medios producción elaboración panela,,1
queja,inconformidad trabajos,chec vino dirección poner nuevo poste energía dañaron anden casa servidores dejaron dañado decir absolutamente exigo beneficiaria den solución inconveniente posible proceder realizar demanda entidad,,1
queja,falla en la prestacion del servicio por continuidad,día octubre presentaron cortes sector,,1
queja,inconformidad punto de venta y/o recaudo,reportados iban suspender luz día factura paga agradecemos aclaren situación,,1
queja,falla en la prestacion del servicio por continuidad,día octubre presentaron falla energía sector,,1
queja,falla en la prestacion del servicio por continuidad,trata comunicar linea atención posible informar falla suministro energía eléctrica antena ris carmelo bajo claro localizada risara ingresa cuenta datos mas cercanos solicitud,,1
queja,falla en la prestacion del servicio por continuidad,conversación telefónica proporciono numero cuenta solicitud abodece encontraban servicio antena,,1
queja,demora en reparar dano,solicito arreglo servicio energía sábado podido restablecer reportado vía telefónica prestado ninguna solución solo radican caso,,1
queja,falla en la prestacion del servicio por continuidad,intenta comunicar empresa energía chec números posible comunicación presenta falla electrica claro ris guatica alimentadas electrificadora,,1
queja,falla en la prestacion del servicio por continuidad,presenta ausencia energía antena claro per japon intenta comunicación lineas telefónicas éxito solicita amablemente revisión condiciones eléctricas lugar,,1
queja,inconformidad punto de venta y/o recaudo,acaba llegar factura doble aparece descontado pago automático octubre banco,,1
queja,inconformidad punto de venta y/o recaudo,quisiera saber portal chec aparece pagar factura paga pesos deberian tener actualizados datos,,1
queja,falla en la prestacion del servicio por continuidad,intenta comunicar empresa energía central hidroelectrica caldas números posible comunicación presenta falla electrica claro ris san vicente alimentadas electrificadora,,1
queja,falla en la prestacion del servicio por continuidad,trata comunicar linea atención posible informa falla suministro energía eléctrica antena cad belalcazar claro localizada caldas predio ubicado carrera,,1
queja,falla en la prestacion del servicio por continuidad,trata comunicar linea atención posible informa falla suministro energía eléctrica antena cad belalcazar claro localizada caldas predio ubicado cra,,1
queja,falla en la prestacion del servicio por continuidad,trata comunicar linea atención posible informa falla suministro energía eléctrica antena ris espanol claro localizada risaralda santa rosa cabal predio ubicado vereda alto español finca labranza,,1
queja,falla en la prestacion del servicio por continuidad,trata comunicar linea atención posible informa falla suministro energía antenas claro ubicada finca providencia vereda buenavista corregimiento trebol alto cauca paraje billar marsella risaralda nunero nie,,1
queja,falla en la prestacion del servicio por continuidad,trata comunicar linea atención posible informa falla suministro energía eléctrica antena ris santa elena claro localizada risaralda anserma predio ubicado lote silencio finca ines,,1
queja,falla en la prestacion del servicio por continuidad,trata comunicar linea atención posible informa falla suministro energía eléctrica antena ris carmelo bajo claro localizada risaralda guatica predio ubicado vereda bendicion finca chinamato,,1
queja,falla en la prestacion del servicio por continuidad,trata comunicar linea atención posible informa falla suministro energía antena claro ubicada lote terreno finca chinamato vereda bendecida nunero nie reporta ris carmelo bajo,,1
queja,falla en la prestacion del servicio por continuidad,presenta falla energía predio numero cuenta linea atención cliente atiende llamadas,,1
queja,incumplimiento revision en las fechas establ,pasado octubre recibí respuesta requerimiento realizado revisión consumo predio mención informa tomó censo carga electrodomésticos pudimos acceder interior cabaña encontró cerrada habitantes momento visita razón anterior solicite realizara día sábado permanece solo semana hizo caso omiso solicito respeto tener presentes solicitudes usuarios,,1
queja,inconformidad con el canal de atencion,seguimiento intenta establecer comunicación chec numero ningun exito genera pqr,,1
queja,falla en la prestacion del servicio por continuidad,trata comunicar linea atención posible informa falla suministro energía eléctrica antena ris isla claro localizada risaralda belen umbria predio ubicado vereda aguacate finca montesol,,1
queja,falla en la prestacion del servicio por continuidad,presenta servicio club manizales campestre poste iluminación ubicado cancha tenis sede antena claro,,1
queja,entrega inoportuna o no entrega de la factura,segunda vez reporto queja llega factura correo electrónico anterior ocasión respondieron enviado facturas cierto respuesta simplemente cerrar caso recibir percato pago oportuno misma solicito den cumplimiento envío adicionalmente efectiva solo dar indicadores realmente gestión pésima,,1
queja,falla en la prestacion del servicio por continuidad,trata comunicar linea atención posible informa falla suministro energía eléctrica antena ris lembo claro localizada risaralda santa rosa cabal predio ubicado vereda,,1
queja,falla en la prestacion del servicio por continuidad,trata comunicar linea atención posible informa falla suministro energía antenas claro ubicada finca providencia vereda buenavista corregimiento trebol alto cauca paraje billar marsella risaralda nunero nie,,1
queja,falla en la prestacion del servicio por continuidad,trata comunicar linea atención posible informar falla suministro energía eléctrica antena cad trebol claro localizada caldas,,1
queja,falla en la prestacion del servicio por continuidad,buenos días queja discontinuidad servicio semana cortes todas tardes mañana dos veces favor indican deben interrupciones tan seguidas manera den aviso poder hacer plan contingencia obra agradezco atención,,1
queja,demora en reparar dano,hecho varios reportes daño números radicado nov después ninguna reparación,,1
queja,suspension o corte del servicio,presento inconformidad respecto recolección servicio direcciones contratos anunciados,,1
queja,suspension o corte del servicio,presento inconformidad respecto recolección servicio direcciones contratos anunciados,,1
queja,falla en la prestacion del servicio por continuidad,presenta ausencia energía antena claro nie solicita validación,,1
queja,falla en la prestacion del servicio por continuidad,intenta comunicar empresa energía central hidroelectrica caldas números posible comunicación presenta falla electrica claro ris belen umbria alimentadas electrificadora ubicada vereda santa emilia finca union risaralda colombia nie,,1
queja,falla en la prestacion del servicio por continuidad,presenta ausencia energia antena claro cad neira nie municipui caldas solicita revision condiciones electricas zona,,1
queja,falla en la prestacion del servicio por continuidad,intenta comunicar empresa energía central hidroelectrica caldas números posible comunicación presenta falla electrica claro cad tres puertas alimentadas electrificadora,,1
queja,falla en la prestacion del servicio por continuidad,presenta falla solicita atención sitio revisión,,1
queja,falla en la prestacion del servicio por continuidad,servicio energía sector,,1
queja,falla en la prestacion del servicio por continuidad,presenta ausencia energía antena claro genera afectación servicio solicita revisión sitio solventar falla,,1
queja,falla en la prestacion del servicio por continuidad,trata comunicar linea atención posible informa falla suministro energía antena claro ubicada barrio campestre manzana urbanización quintas nunero nie,,1
queja,falla en la prestacion del servicio por continuidad,genera falla energia zona solicita atencion sitio condiciones electricas,,1
queja,inconformidad por la programacion de interrupcione,buenas tardes señores chec realizan cortes energía previo aviso pesar número celular inscrito avisos tipo solicito colaboración subsanar falla gracias feliz tarde,,1
queja,falla en la prestacion del servicio por continuidad,intenta comunicar empresa energía central hidroelectrica caldas números posible comunicación presenta falla electrica claro cad bolivia alimentadas electrificadora,,1
queja,falla en la prestacion del servicio por continuidad,continuamente registrando cortes energía justificados mantenimiento situacion vuelto repetitiva peor aun llueve casi siempre suspende energia vecinos sector encontramos claro tanta suspension servicio hecho trasladen hacia sectores solicito informe corte justifica proce consecuencias acarrea,,1
queja,falla en la prestacion del servicio por continuidad,servicio energía sector,,1
queja,falla en la prestacion del servicio por continuidad,trata comunicar linea atención posible informa falla suministro energía eléctrica antena cad palestina claro localizada caldas,,1
queja,falla en la prestacion del servicio por continuidad,municipio aguadas venido presentando apagones repetidos corrido año explicación alguna interrumpe servicio varias veces día preocupa bastante repercusión vida útil aparatos electrónicos electrodomésticos ningún tipo reparación daño cómo ocurrió pasado salamina caldas dónde perdí varios cliente proporciona numero cuenta direccion logra ubicar posiblemente pertenece,,1
queja,falla en la prestacion del servicio por continuidad,intenta comunicación electrificadora chec solicitar reporte falla energia antena claro cad san rafael respuesta genera pqr,,1
queja,falla en la prestacion del servicio por continuidad,falla energía electrica antenas claro cad club manizales campestre intenta comunicar empresa chec números posible comunicación presenta alimentadas electrificadora,,1
queja,falla en la prestacion del servicio por continuidad,presenta ausencia energía diciembre solicita validación sitio,,1
queja,falla en la prestacion del servicio por continuidad,trata comunicar linea atención posible informa falla suministro energía antena claro cad refugio ubicada municipio palestina ubicacion finca combia vereda inquisicion numero nie,,1
queja,inconformidad con el canal de atencion,marleny mejia hincapie,,1
queja,falla en la prestacion del servicio por continuidad,gloria ines bertha escobar,,1
queja,inconformidad con la informacion,john jairo posada valencia,,1
queja,inconformidad con el canal de atencion,hector fabio montoya londoño,,1
queja,inconformidad por la programacion de interrupcione,rad reemplza solicitu inconforme aviso suspension servicio,,1
queja,inconformidad con el canal de atencion,rad increíble portal chec pago facturas ineficiente amigable intentado pagar factura medio única deja porfavor sigan ejemplo aguas manizales efigas etc pues nunca problemas pagarlas caso contrario energía plataforma tan mala,,1
queja,inconformidad con el canal de atencion,rad posible realizar pago factura internet sale usuario inscrito inactivo podido proceso,,1
queja,falla en la prestacion del servicio por continuidad,rad trata comunicar linea atención posible informa falla suministro energía eléctrica antena claro localizada chinchina caldas,,1
queja,comportamiento funcionario (trabajador-contra),momento cortar energía llegó hijo factura pagada atendido funcionario mantener servicio debe reconectarse inmediatamente cargo reconexión,,1
queja,inconformidad trabajos,día noviembre realizaron cambio medidor energía casa vienen presentando anomalías vivienda tales queman electrodomésticos bombillos,,1
queja,inconformidad trabajos,oficio anexo cliente manifiesta inconforme empresa reubico contador cable acometida empezó deteriorar momento expuesto puede ser alguien conecte forma fraudulenta solicita reubique medidor predio subsanen situación,,1
queja,falla en la prestacion del servicio por continuidad,servicio cae constantemente van veces diciembre alrededor energía aquí además fallas dañado electrodomésticos atención directa solo través máquina,,1
queja,inconformidad punto de venta y/o recaudo,día hoy enero vino contratista ricardo parra cortar servicio energía pago pagué factura inmediatamente banco informaron débito realizado ayer queja chec verifique pagos electrónicos dar orden corte servicios,,1
queja,falla en la prestacion del servicio por continuidad,realizar reporte falla energia antena claro,,1
queja,falla en la prestacion del servicio por continuidad,solicita validación sitio debido presenta afectación energía,,1
queja,falla en la prestacion del servicio por continuidad,trata comunicar linea atención posible informa falla suministro energía antena claro ubicada estructura movistar termales santa rosa cabal risaralda colombia nunero nie,,1
queja,falla en la prestacion del servicio por continuidad,solicito favor informen contínuas suspensiones servicio sector puesto días inicio año llendo luz varios minutos varias horas día ejemplo hoy enero suspendido tres veces cuenta cobro descontando tiempo quedado vea reflejado pagar hago responsables alguno electrodomésticos sufre alguna afectación motivo,,1
queja,falla en la prestacion del servicio por continuidad,ausencia energia antena claro ris isla nie,,1
queja,falla en la prestacion del servicio por calidad,día hoy tres ocasiones única casa energía conjunto cipress normal presente veces seguidas presentan bajones inmueble solicito chec revise instalaciones pues,,1
queja,falla en la prestacion del servicio por continuidad,presenta ausencia energía estación base cad trujillo solicita validar condiciones eléctrica zona,,1
queja,falla en la prestacion del servicio por continuidad,buenas noches presente pqr fin solicitar aclaración mal servicio energía sector pradera dado cada vez pequeño aguacero suspende mes diciembre contabilizado menos cortes duran mas horas dichas interrupciones reflejan registros factura adicional anterior provocado daños electrodomésticos viviendas vecinas,,1
queja,falla en la prestacion del servicio por continuidad,buenas noches hace días presentando inconvenientes energía horas noche quitan razón alguna tener cuenta pueden dañar eléctrodomesticos clima últimamente demasiados moscos trasmiten enfermedades toda obligan dormir ventilación gusto ustedes contestar quiera llamados hacen través página número pare falta respeto habitantes barrio obliguen calor dudamos bastante daño primera vez presentamos inconveniente pudo mano puedan buscar solución efectiva realizando quiten cada quieren derecho,,1
queja,inconformidad con el canal de atencion,buenas noches hace días presentando inconvenientes energía horas noche quitan razón alguna tener cuenta pueden dañar eléctrodomesticos clima últimamente demasiados moscos trasmiten enfermedades toda obligan dormir ventilación gusto ustedes contestar quiera llamados hacen través página número pare falta respeto habitantes barrio obliguen calor dudamos bastante daño primera vez presentamos inconveniente pudo mano puedan buscar solución efectiva realizando quiten cada quieren derecho,,1
queja,inconformidad con el canal de atencion,conecte ala pagina facebook dan solución interrupción energia resulta nunca dieron sirve siempre envían mismos mensaje quejas luz,,1
queja,inconformidad trabajos,inconformidad inconsistencia revisión medidor cuenta histórico carga realizó sensores pesar informar casa habita persona permanentemente manipulación autorización copia ssp,,1
queja,falla en la prestacion del servicio por continuidad,día febrero fallas continuidad servicio sido intermitente medio generando daños equipos prestación necesitamos saber favor solución incidente impacto notros,,1
queja,falla en la prestacion del servicio por continuidad,manera mas atenta informen constantemente día luz vuelve cabe anotar condominio maneja sistemas vigilancia puertas eléctricas sensores hace dañen equipos anterior preocupados altibajos energía pueden generar daños muchas gracias,,1
queja,falla en la prestacion del servicio por calidad,martés enero constantes apagones energía altibajos interior establecimiento puedo encender máquinas televisor ven cámaras quedan lluviosas intermitentes así mismo empiezan pitar ups dispuestas proteger sofware tarjetas equipos computarizados solicito nuevamente bajar tap transformador varios visto afectados ver radicado,,1
queja,falla en la prestacion del servicio por continuidad,ausencia energia ris mistrato,,1
queja,falla en la prestacion del servicio por continuidad,presenta falla predio solicita validacion sitio,,1
queja,falla en la prestacion del servicio por calidad,usuario informa fallas energía eléctrica claro municipio norcasia verdad quiebra finca porvenir,,1
queja,falla en la prestacion del servicio por continuidad,presenta afectación ris termales,,1
queja,falla en la prestacion del servicio por continuidad,presenta afectación ris termales,,1
queja,falla en la prestacion del servicio por continuidad,presenta afectación ris termales febrero,,1
queja,falla en la prestacion del servicio por continuidad,presenta afectación ris termales,,1
queja,falla en la prestacion del servicio por continuidad,presenta ausencia energía antena comcel cad marulanda nie,,1
queja,comportamiento funcionario (trabajador-contra),peticionaria queja mala atención recibida hace forma genérica,,1
queja,falla en la prestacion del servicio por continuidad,peticionaria queja mala prestación servicio manera genérica,,1
queja,falla en la prestacion del servicio por continuidad,usuario presenta queja falla prestación servicio continuidad ausencia energía cad letras,,1
queja,falla en la prestacion del servicio por continuidad,trata comunicar linea atención posible informa falla suministro energía antena claro ubicada municipio pensilvania vereda san daniel finca alpes altos oso nunero nie,,1
queja,falla en la prestacion del servicio por continuidad,buenas noches quería manera atenta saber arreglan servicio cada vez llueve sector estambul repetidas veces energía llega día debe garantizar usuario paga puntual dios quiera pase grave situación robo violación cliente relaciona numero cta graba permite grabar queja,,1
queja,falla en la prestacion del servicio por calidad,usuario presente queja pór falla energia antenas claro cad san rafaell,,1
queja,falla en la prestacion del servicio por continuidad,presenta ausencia energía antena claro cad dorada nie,,1
queja,inconformidad con el canal de atencion,posible comunicación electrificadora,,1
queja,falla en la prestacion del servicio por calidad,usuario informa presenta falla energía eléctrica claro cad irra parque,,1
queja,falla en la prestacion del servicio por calidad,usuario presento queja falla prestación servicio calidad presenta ausencia energía,,1
queja,entrega inoportuna o no entrega de la factura,hoy sector recibido factura correspondiente periodo diciembre debería haber sido entregada enero,,1
queja,levantamiento de desechos vegetales,semana enero trabajadores chec podaron árboles parque ubicado carrera calle dejaron grande cantidad ramas maleza solicitamos ordenar retiro genera mal aspecto zona diario debemos transitar,,1
queja,falla en la prestacion del servicio por continuidad,trata comunicar linea atención posible informa falla suministro energía antena claro ubicada finca sao pablo sector espinal vereda quintetos municipio aguadas caldas nunero nie,,1
queja,demora en atender peticion,revisiones periódicas hace instalaciones eléctricas pasan predio coordinó reubicación templete observa fotografías adjuntas puesto suelo cediendo pronto torre desprovista anclaje pesar solicitud sido atendida,,1
queja,comportamiento funcionario (trabajador-contra),usuario presenta queja funcionario conductor placa stq dice existió mal trato tenia emergencia clinica dejaba pasar grosero,,1
queja,falla en la prestacion del servicio por continuidad,manera mas atenta solicitamos informen pasando suspensiones energía avisar ocurrido día ayer febrero quitaron servicio hoy,,1
queja,falla en la prestacion del servicio por calidad,usuario informa fallas suministro energia antena cad neira,,1
queja,falla en la prestacion del servicio por continuidad,usuario presenta queja falla prestación servicio continuidad,,1
queja,entrega inoportuna o no entrega de la factura,envían recibo pago pereira viterbo caldas dirección anoté lorena blq apto año pasado cobro realizado bimensual necesito saber pasa entregaron lado,,1
queja,falla en la prestacion del servicio por continuidad,usuario presenta queja ausencia energía,,1
queja,falla en la prestacion del servicio por continuidad,presenta ausencia energía solicita validación,,1
queja,falla en la prestacion del servicio por calidad,usuario informa ausencia energia antena cad santa elena,,1
queja,falla en la prestacion del servicio por continuidad,usuario presenta queja falla prestacion servicio,,1
queja,falla en la prestacion del servicio por calidad,usuario informa barrio palonegro sido recurrente fallas servicio solicta revision,,1
queja,falla en la prestacion del servicio por calidad,llevamos días amanecemos energía apenas restablece mitad mañana causando traumatismos vecinos palonegro esperamos solución,,1
queja,falla en la prestacion del servicio por calidad,usuario solicita revision sufrido fallas servicio preocupa daños electrodomesticos,,1
queja,falla en la prestacion del servicio por calidad,usuario presenta queja ausencia servicio,,1
queja,inconformidad con la informacion,usuaria inconforme forma llaman amenazarla paga tiempo seguro aurora ademas baja pago crédito pagando factura siendo sigue igual rebaja,,1
queja,falla en la prestacion del servicio por continuidad,intenta establecer comunicacion empresa chec numero posible realizan varios intentos puede reportar ausencia energia antena claro cad chinchina nie ubicada direccion municipio ubicacion escuela alto chuscal caldas,,1
queja,falla en la prestacion del servicio por calidad,usuario informa posible comunicarse asesor,,1
queja,falla en la prestacion del servicio por continuidad,intenta establecer comunicacion empresa chec numero posible realizan varios intentos puede reportar ausencia energia antena claro ris cruz nie ubicada direccion municipio santa rosa cabal ubicacion vereda cuchilla cerro,,1
queja,falla en la prestacion del servicio por calidad,intenta establecer comunicacion empresa chec numero posible realizan varios intentos puede reportar ausencia energia antena claro per romelia nie ubicada parqueadero mulas dosquebradas risaralda direccion,,1
queja,falla en la prestacion del servicio por continuidad,trata comunicar linea atención posible informa falla suministro energía antena claro,,1
queja,falla en la prestacion del servicio por continuidad,intenta establecer comunicación empresa chec numero posible realizan varios intentos puede reportar ausencia energía antena claro man universidad caldas nie,,1
queja,falla en la prestacion del servicio por continuidad,intenta establecer comunicación empresa chec numero posible realizan varios intentos puede reportar ausencia energía antena claro cad aguadas nie,,1
queja,falla en la prestacion del servicio por continuidad,trata comunicar linea atención posible informa falla suministro energía antena claro nunero nie,,1
queja,falla en la prestacion del servicio por continuidad,intenta comunicación electrificadora empresa chec veces solicitar reporte falla respuesta procede realizar pqr,,1
queja,falla en la prestacion del servicio por calidad,usuario presenta queja inconformidad ausencia energia torre claro,,1
queja,falla en la prestacion del servicio por continuidad,intenta establecer comunicacion empresa chec numero posible realizan varios intentos puede reportar ausencia energia antena claro cad arma nie,,1
queja,falla en la prestacion del servicio por continuidad,trata comunicar linea atención posible informa falla suministro energía antena claro ubicada finca villa dora vereda inquisicion nunero nie,,1
queja,falla en la prestacion del servicio por continuidad,intenta comunicación electrificadora chec veces solicitar reporte falla respuesta procede realizar pqr,,1
queja,inconformidad con el canal de atencion,inconformidad posible comunicación asesor reporte falla,,1
queja,falla en la prestacion del servicio por calidad,intenta comunicación electrificadora empresa chec veces solicitar reporte falla respuesta procede generar pqr dirección inmueble servicio,,1
queja,falla en la prestacion del servicio por continuidad,trata comunicar linea atención posible informa falla suministro energía antena claro ubicada finca sao pablo sector espinal vereda quintetos municipio aguadas caldas nunero nie,,1
queja,demora en atender peticion,base articulo numeral decreto presidente república covid describe garanticen servicios públicos requiero instalado servicio energía eléctrica programado semana marzo incumplieron,,1
queja,inconformidad venta portafolio,usuario inconforme trabajo realizado pro portafolio solicita aclare proceso febrero pues cotizo pago hacer retiro redes aun continúan pegadas ventana necesitan continuar construcción ver documento adjunto contexto,,1
queja,entrega inoportuna o no entrega de la factura,queja encargado dejar factura dejando dentro residencia introduce bien puerta mes dejo pasado mismo llegue casa encontre tirada afuera via publica vez pudo haber sido igual alguien llevo maldad pude pagar recibo,,1
queja,falla en la prestacion del servicio por continuidad,intenta establecer comunicacion empresa chec numero posible realizan varios intentos puede reportar ausencia energia antena claro cad chinchina nie ubicada direccion municipio ubicacion escuela alto chuscal caldas,,1
queja,falla en la prestacion del servicio por calidad,oficio enviado señor jhon janer rodas valencia manifiesta retiraron transformador alimenta cuentas servicio sido deficiente viviendas comercio sector además alumbrado público solicitan pronta solución afectado época covid adjunta,,1
queja,comportamiento funcionario (trabajador-contra),inconforme funcionarios chec falta transparencia usuarios debido tomando lectura contador luz afectado cobros excesivos factura mes febrero adelante,,1
queja,falla en la prestacion del servicio por calidad,usuario informa posible comunicarse asesor,,1
queja,falla en la prestacion del servicio por continuidad,intenta establecer comunicacion empresa chec numero posible realizan varios intentos puede reportar ausencia energia antena claro ris cruz nie ubicada direccion municipio santa rosa cabal ubicacion vereda cuchilla cerro,,1
queja,demora en atender peticion,línea atención público sirve líneas telefónicas sirven segunda vez pido digne enviar verdadero costo pago factura corresponde día cobrando dos meses tan incompetentes,,1
queja,falla en la prestacion del servicio por calidad,intenta establecer comunicacion empresa chec numero posible realizan varios intentos puede reportar ausencia energia antena claro per romelia nie ubicada parqueadero mulas dosquebradas risaralda direccion,,1
queja,falla en la prestacion del servicio por continuidad,trata comunicar linea atención posible informa falla suministro energía antena claro,,1
queja,falla en la prestacion del servicio por continuidad,trata comunicar linea atención posible informa falla suministro energía antena claro ubicada fca recreo termales sta rosa cabal risaralda nunero nie,,1
queja,falla en la prestacion del servicio por continuidad,intenta comunicar empresa energía chec números posible comunicación presenta falla electrica claro ris termales alimentadas electrificadora,,1
queja,falla en la prestacion del servicio por continuidad,intenta establecer comunicación empresa chec numero posible realizan varios intentos puede reportar ausencia energía antena claro man universidad caldas nie,,1
queja,falla en la prestacion del servicio por continuidad,intenta comunicar electrificadora chec obtiene respuesta realizan varios intentos numero requiere generar reporte ris santuario nie ubicada municipio quibdo ubicacion finca camelia,,1
queja,falla en la prestacion del servicio por continuidad,intenta establecer comunicación empresa chec numero posible realizan varios intentos puede reportar ausencia energía antena claro cad aguadas nie,,1
queja,falla en la prestacion del servicio por continuidad,trata comunicar linea atención posible informa falla suministro energía antena claro nunero nie,,1
queja,falla en la prestacion del servicio por calidad,intenta establecer comunicacion chec obtiene respuesta requiere generar reporte comcel cad san felix nie ubicada finca pica corregimiento salamina caldas quedamos atentos pronta falla prestacion servicio reporta,,1
queja,falla en la prestacion del servicio por calidad,trata comunicar linea atención posible informa falla suministro energía antena claro ubicada finca pica corregimiento san felix nunero nie,,1
queja,falla en la prestacion del servicio por calidad,intenta comunicar empresa energía chec números posible comunicación presenta falla electrica claro cad san felix alimentadas electrificadora,,1
queja,falla en la prestacion del servicio por continuidad,intenta establecer comunicación electrifica dora chec posible realizan varios intentos numero reportar ausencia energia antena claro cad san diego nie ubicada lote urbano sector venecia samana caldas,,1
queja,falla en la prestacion del servicio por continuidad,intenta comunicar empresa energía chec números posible comunicación presenta falla electrica claro ris boqueron alimentadas electrificadora,,1
queja,falla en la prestacion del servicio por continuidad,intenta comunicación electrificadora empresa chec veces solicitar reporte falla respuesta procede realizar pqr,,1
queja,falla en la prestacion del servicio por continuidad,trata comunicar linea atención posible informa falla suministro energía antena claro ubicada finca margaritas corregimiento alto lisboa nunero nie,,1
queja,falla en la prestacion del servicio por calidad,intenta comunicar empresa energía chec números posible comunicación presenta falla electrica claro cad alto lisboa alimentadas electrificadora,,1
queja,falla en la prestacion del servicio por calidad,usuario presenta queja inconformidad ausencia energia torre claro,,1
queja,falla en la prestacion del servicio por continuidad,intenta establecer comunicacion empresa chec numero posible realizan varios intentos puede reportar ausencia energia antena claro cad arma nie,,1
queja,falla en la prestacion del servicio por calidad,presenta falla energía antena claro man presentación solicita reporte atención estación,,1
queja,falla en la prestacion del servicio por calidad,requiere reporte posible falla energía zona contacto asesores,,1
queja,falla en la prestacion del servicio por calidad,intenta establecer comunicacion chec obtiene respuesta requiere generar reporte comcel cad san felix nie ubicada finca requintaderos rocio paraje rafael aranzazu caldas quedamos atentos pronta,,1
queja,falla en la prestacion del servicio por continuidad,trata comunicar linea atención posible informa falla suministro energía antena claro ubicada finca villa dora vereda inquisicion nunero nie,,1
queja,falla en la prestacion del servicio por continuidad,intenta comunicar empresa energía chec números posible comunicación presenta falla eléctrica claro cad santagueda alimentadas electrificadora,,1
queja,falla en la prestacion del servicio por continuidad,intenta comunicación electrificadora chec veces solicitar reporte falla respuesta procede realizar pqr,,1
queja,inconformidad con el canal de atencion,intenta comunicar empresa energía chec números posible comunicación presenta falla electrica claro man palma alimentadas electrificadora,,1
queja,inconformidad con el canal de atencion,inconformidad posible comunicación asesor reporte falla,,1
queja,falla en la prestacion del servicio por calidad,intenta comunicación electrificadora empresa chec veces solicitar reporte falla respuesta procede generar pqr dirección inmueble servicio,,1
queja,demora en atender peticion,correo solicité cambio suscriptor figura comercial obtuve respuesta hoy emergencia país cancelarla bajo ello solicito respetuosamente quedo espera,,1
queja,falla en la prestacion del servicio por continuidad,trata comunicar linea atención posible informa falla suministro energía antena claro ubicada finca sao pablo sector espinal vereda quintetos municipio aguadas caldas nunero nie,,1
queja,entrega inoportuna o no entrega de la factura,días pasados solicité cambio nombre llegaba factura día vuelto llegar facturas energía físicas virtuales solicito enviadas dirección inmueble,,1
queja,entrega inoportuna o no entrega de la factura,queja encargado dejar factura dejando dentro residencia introduce bien puerta mes dejo pasado mismo llegue casa encontre tirada afuera via publica vez pudo haber sido igual alguien llevo maldad pude pagar recibo,,1
queja,inconformidad con el canal de atencion,escribo presentar queja respecto servicio telefónico prestado línea ayer llamé contestaron día hoy vez demorado hora teléfono darme respuesta vuelvo llamar pasa mismo necesitamos agilidad proceso,,1
queja,inconformidad con el canal de atencion,inscribí todas cuentas nombre empresa factura web realicé pago claro interface actual cuenta posible pagar pse facturas antiguas genera confunsión pido mejorar sitio opcion proceder realizar pagos confianza comodidad,,1
queja,inconformidad con el canal de atencion,voy oficina filadelfia difieran pago energía pues dinero dicen nadie colabore llame línea cuelgan contestan día hoy plazo sino cortan dan solución solicito difiera cuento podido laborar debido pandemia covid intentado medio funcionamiento llamo líneas habilitadas vence ninguna,,1
queja,inconformidad con la informacion,pido favor socializar tema funcionarios lectura adicional recomiendo solicitar realiza actas visita informar área encargada procedan necesario marcar sistema requerimientos especiales usuarios caso constancia cuenta programa facturación debemos recordar origen funcionario chec solicitado reclamo inicial usuario empresa alguna manera incumpliendo procedimiento registrar novedades surgidas acta,,1
queja,inconformidad trabajos,comedidamente dirijo ustedes realizar siguiente queja predio encuentran ubicados transmisores tropicana persona encargada allá informa mes pasado pasaron leer medidor pues parece grave puesto tomando medidas ahorrar energía personas encargadas toman lectura trabajo vería reflejado perdería esfuerzo haciendo,,1
queja,falla en la prestacion del servicio por continuidad,día jueves sector luz toda mañana hoy domingo llevamos pésimo servicio,,1
queja,entrega inoportuna o no entrega de la factura,buenas tardes ultima factura cobro llego mayo maxima pago marzo favof enviar facturas tiempo pagarlas mandan carrera numero apto espero envien,,1
queja,falla en la prestacion del servicio por continuidad,averiguar pasa luz mayo,,1
queja,inconformidad con el canal de atencion,favor necesito financiar total factura actual intentado comunicarme telefonicamente sido posible aclarar tema llegar buen acuerdo muchas gracias,,1
queja,falla en la prestacion del servicio por continuidad,día ayer hoy mayo presentado múltiples caídas servicio afectando drástica mente teletrabajo dado computador constantemente apagando,,1
queja,inconformidad con el canal de atencion,buen dia hace mas dos horas comunicando financiar factura dan respuestab,,1
queja,inconformidad con el canal de atencion,intenta comunicar electrificadora chec comunicación posible reportar falla energía antena claro realizan varios intentos números,,1
queja,falla en la prestacion del servicio por continuidad,comcel presenta queja superintendencia trata comunicarse obtiene respuesta enerar reporte cuenta ubicada manzanares finca guayabal vereda alegrias sector margarita altas,,1
queja,inconformidad con el canal de atencion,trata comunicar linea atención posible informa falla suministro energía antena claro ubicada finca primavera nunero nie,,1
queja,inconformidad con el canal de atencion,trata comunicar linea atención posible informa falla suministro energía antena claro ubicada nunero nie,,1
queja,falla en la prestacion del servicio por continuidad,trata comunicar linea atención posible informa falla suministro energía antena claro nunero nie,,1
queja,inconformidad con el canal de atencion,trata comunicar linea atención posible informa falla suministro energía antena claro ubicada aguadas caldas colombia partiendo corregimiento arma tomando vía conduce dirección oriente numero nie,,1
queja,falla en la prestacion del servicio por continuidad,genera pqr posible contacto asesor informa falla suministro energía eléctrica,,1
queja,falla en la prestacion del servicio por continuidad,seguimiento intenta comunicación electrificadora chec veces solicitar reporte falla respuesta procede realizar pqr,,1
queja,inconformidad con el canal de atencion,presenta ausencia energia antena comcel dia intenta comunicar electrificadora responde,,1
queja,falla en la prestacion del servicio por continuidad,trata comunicar linea atención chec numero posible informar falla suministro energía eléctrica antena cad trebol claro localizada caldas,,1
queja,inconformidad con el canal de atencion,intenta comunicar empresa energía chec números posible comunicación presenta falla eléctrica claro cad trébol alimentadas electrificadora,,1
queja,inconformidad con el canal de atencion,intenta comunicar electrificadora chec obtiene respuesta realizan varios intentos numero requiere generar reporte cad dorada ferias nie,,1
queja,inconformidad trabajos,observaciones instalación poste autorización propiedad privada abriendo manera inadecuada cerco natural aviso solicitar permiso propietarios poniendo riesgo poseemos fotografias videos,,1
queja,comportamiento funcionario (trabajador-contra),queremos informar contratistas cargo nuevo proyecto ingresado predio mínimos protocolos bioseguridad obligatorios momentos pandemia covid preocupa adultos mayores permanecemos solos encontramos cuarentena debido alto riesgo contagio razón permitiremos ingrese nuevamente personal chec cumpla uso obligatorio implementos tapabocas guantes gafas siga distanciamiento social metros distancia,,1
queja,comportamiento funcionario (trabajador-contra),relaciono queja empresa colaborador revisar tema reportado unica solución dio cortar energía importo comino situacion pandemia persona afectada servicio indispensable falta humano,,1
queja,inconformidad con el canal de atencion,pésimo servicio líneas atención numeral dejan esperando minutos,,1
queja,entrega inoportuna o no entrega de la factura,reclamo repartidor facturación entregó trocada factura cuenta pagué vecino número corresponde,,1
queja,falla en la prestacion del servicio por continuidad,cliente procesos anteriores inconforme respuestas ahora solicitando cambie transformador ver anexo,,1
queja,entrega inoportuna o no entrega de la factura,buenas tardes factura est llegando adem quiero pedirles favor recibos depositen port principal puerta garaje vivienda desocupada gracias espero respuesta,,1
queja,falla en la prestacion del servicio por continuidad,respecto respuesta proceso hace referencia reclamo solicitado solicita revisión tensión voltaje llegando finca puesto conectan dos artefactos eléctricos mismo tiempo sufre caída tal motivo pide pronta muchas gracias,,1
queja,entrega inoportuna o no entrega de la factura,favor enviar factura tiempo hoy junio llego debia pagar mayo enviarla conjunto estacion,,1
queja,falla en la prestacion del servicio por continuidad,buenas tardes hoy mañana aproximadamente cortó servicio luz regreso necesito verifique algún daño trabajo teletrabajo validar gracias,,1
queja,inconformidad con el canal de atencion,llevo minutos esperando atención imposible necesito factura aporte hacer pago inmediato muchas gracias,,1
queja,incumplimiento revision en las fechas establ,semana pasada solicite lectura medidores energia edificio sancancio respuesta dicha realizarian dia junio hoy realizado,,1
queja,inconformidad con el canal de atencion,observaciones buenas tardes menos hora tratando comunicarme ustedes realmente linea atención contestan van atender deberían decir mejor presencial oficinas dudas factura requiero aclaren urgente,,1
queja,inconformidad punto de venta y/o recaudo,mes pasado iba pagar factura dijeron aparecía aun codigo barras mayo luego pudo pago susuerte transaccion ahora llega nueva deuda anterior acabe decir pagamos,,1
queja,inconformidad trabajos,queja inconformidad trabajos solicitud retiro lineas pasando pared casa días pasados chec cambio poste frente dejaron líneas tocando,,1
queja,inconformidad con la informacion,solicito revisada respuesta debido resuelve solicitud identifican numero cuenta diferente vivenda actualmente propietaria ademas habitante cuya cuanta dirección identifica claramente petición enviada corregida decisión tomada difieran pagos factura electricidad aclarar nunca habittado barrio sultana tampoco sido relacionada pago mencioinada,,1
queja,comportamiento funcionario (trabajador-contra),hoy sentimos maltratados atropellados personal ustedes enviaron revision alto consumo injustificado meses marzo abril atendieron sugerencias exigieron absurdamente requisitos tecnicos explicacion alguna hacer visita solicitamos reprogramar visista tecnica,,1
queja,inconformidad con el canal de atencion,observaciones trata comunicar linea atención posible informa falla suministro energía antena claro ubicada nunero nie,,1
queja,falla en la prestacion del servicio por continuidad,trata comunicar linea atención posible informa falla suministro energía eléctrica antena arm laureles claro localizada risaralda celia predio ubicado vereda san eugenio finca portugal,,1
queja,inconformidad con el canal de atencion,intenta comunicar empresa energía chec números posible comunicación presenta falla electrica claro ris balboa alimentadas electrificadora,,1
queja,entrega inoportuna o no entrega de la factura,solicitado varias ocasiones llegue factura físico edificio sido posible lleva dos periodos entrega llego copropietarios gracias,,1
queja,inconformidad punto de venta y/o recaudo,quiero realizar pago factura manera virtual sólo registra aporte voluntario incluido entonces pagar dan opción pueden obligar deseo pagarlo requiero carguen calle evitar contagio,,1
queja,falla en la prestacion del servicio por continuidad,constantes apagones energía presenta barrio viviero variante dorada caldas dañando electrodomésticos chec responda mismos situación presentando hace años,,1
queja,inconformidad con el canal de atencion,falla energía electrica antenas claro cad san bernardo viento intenta comunicar empresa chec números posible comunicación,,1
queja,falla en la prestacion del servicio por continuidad,intenta establecer comunicacion chec obtiene respuesta requiere generar reporte comcel ris mistrato nie ubicada finca porvenir vereda buenavista municipio quedamos atentos pronta,,1
queja,falla en la prestacion del servicio por continuidad,trata comunicar línea atención posible informa falla suministro energía eléctrica antena arm laureles claro localizada risaralda mistrato predio ubicado finca porvenir vereda buenavista,,1
queja,inconformidad con el canal de atencion,trata comunicar linea atención posible informa falla suministro energía antena claro ubicada cra nunero nie,,1
queja,inconformidad punto de venta y/o recaudo,día mayo realicé dos pagos facturas energía todavía aparece pagado comprobante pago,,1
queja,falla en la prestacion del servicio por continuidad,presenta ausencia servicio energía tel contacto contestan,,1
queja,inconformidad con el canal de atencion,trata comunicar linea atención posible informa falla suministro energía eléctrica antena cad trebol claro localizada caldas chinchina predio ubicado finca alto bonito paraje buenavista,,1
queja,inconformidad con el canal de atencion,trata comunicar linea atención posible informa falla suministro energía eléctrica antena arm laureles claro localizada caldas chinchina predio ubicado finca alto bonito paraje buenavista,,1
queja,comportamiento funcionario (trabajador-contra),señores chec informales dia tarde vino entregar factura entrego tres facturas ami vecina mal comportamiento pido favor puerta viviendo numero medios anotado papel escrito rojo vivo tener incoviente,,1
queja,inconformidad con el canal de atencion,intenta comunicar empresa energía chec números posible comunicación presenta falla electrica claro man recinto pensamiento alimentadas electrificadora,,1
queja,inconformidad con el canal de atencion,intenta establecer comunicación chec obtiene respuesta requiere generar reporte comcel cad cementera nie ubicada manizales ubicación finca reforestadora guasimo vereda espartillal quedamos atentos pronta,,1
queja,entrega inoportuna o no entrega de la factura,entregaron facturas correo electrónico registrado tal fin pago cuentas concesión tampoco físico solicito mantener aplicativo poder realizar pagos manera virtual adjunto relación,,1
queja,inconformidad con el canal de atencion,traslado super hacer reclamo llamo numero contestan oficinas chec santa rosa estan cerradas,,1
queja,inconformidad punto de venta y/o recaudo,buenas tardes dirijo udes respeto usuario gustaria saber ustedes empresa pleno año posible pueda pagar recibo energia tarjeta cridito mientras entidades permiten,,1
queja,inconformidad trabajos,noche anterior habitante calle robarse cable hizo corto incendiando cables alta tensión cuales vivieron revisar comunidad manifiesta preocupación pelados requiere certificación escrito peligro sector hechaban humo,,1
queja,inconformidad con la informacion,mes enero vuelto dejar impresa lectura contador energía,,1
queja,incumplimiento revision en las fechas establ,semana pasada hice requerimiento llamando numeral número radicado mediante puse queja excesivo factura pago quedaron enviar funcionario revisar venido nadie,,1
queja,incumplimiento revision en las fechas establ,tenia ustedes cita programada horario tarde presentaron falta respeto hacia usuario caso veces programan cambian axisten predio par respectiva revision contador subio exagenardamente consumo,,1
queja,falla en la prestacion del servicio por continuidad,reportar daño finca anoche luz encuentra vela caída después lluvia queda municipio quinchia mas cerca irra via anserma santa ines numero contacto,,1
queja,falla en la prestacion del servicio por continuidad,solicitud revisión circuito eléctrico cipango marina fin expliquen razón quema periódica fusibles indiquen acciones correctivas informe día hora visita acompañe dicha aclarar dudas,,1
queja,inconformidad trabajos,cliente afirma despues trabajos realizo empresa cambio redes servicio predio deficiente tenia trapiche podido operar normalidad,,1
queja,falla en la prestacion del servicio por continuidad,buenas tardes presente inconformidad constantes cortes servicio aviso corrido día hoy van interrumpiendo labores solicito ayuda tema atenta comentarios,,1
queja,inconformidad con la informacion,inconformidad respuesta proceso cuenta,,1
queja,entrega inoportuna o no entrega de la factura,factura manera física sido entregada dirección usualmente entregaba hace tres facturas tal motivo pagado tiempo solicito cordial verificar entrega corrija inconsistencia,,1
queja,inconformidad con el canal de atencion,buenas tardes siempre pagado tarjeta credito ahora dicen medio pago acepta chec necesito definir voy segunda factura,,1
queja,entrega inoportuna o no entrega de la factura,presente solicitud hace predio seleccionado llega facturación lado similares arrendataria dice meses jamás llegó factura luz necesario conocer costo completo tiempo,,1
queja,entrega inoportuna o no entrega de la factura,llegan facturas predio cuenta mencionada,,1
queja,entrega inoportuna o no entrega de la factura,llegan facturas predio cuenta mencionada,,1
queja,falla en la prestacion del servicio por calidad,semana pasada viene notando unas bajas intensidad energía obliga reinicio internet nevera falla fluido sino conocemos bajón,,1
queja,inconformidad con el canal de atencion,intenta comunicar empresa energía central hidroelectrica caldas números posible comunicación presenta falla eléctrica claro cad pensilvania alimentadas electrificadora,,1
queja,inconformidad con el canal de atencion,intenta establecer comunicacion central hidroelectrica caldas obtiene respuesta requiere generar reporte comcel ris guatica nie ubicada calle sector polideportivo quedamos atentos pronta,,1
queja,incumplimiento revision en las fechas establ,ejecucion solicitud traslado redes secundarias señora sandra parra muñoz despues cancele costo dicho trabajo dio ejecución día junio realizado ningún tal motivo hago petición,,1
queja,falla en la prestacion del servicio por continuidad,intenta comunicar empresa energía chec números posible comunicación presenta falla eléctrica claro ris mistrato alimentadas electrificadora,,1
queja,inconformidad con el canal de atencion,trata comunicar línea atención posible informa falla suministro energía antena claro ubicada vereda alto naranjo caldas manizales colombia nunero nie,,1
queja,falla en la prestacion del servicio por continuidad,intenta establecer comunicación chec obtiene respuesta requiere generar reporte comcel cad marulanda nie ubicada municipio ubicación carrera quedamos atentos pronta,,1
queja,falla en la prestacion del servicio por continuidad,trata comunicar linea atención chec numero posible informar falla suministro energía eléctrica antena cad federación claro localizada caldas,,1
queja,inconformidad punto de venta y/o recaudo,solicito colaboren problema presento querer pagar factura luz internet deja muestra error evidencia pantallazo adjunto requiero solución cada mes siempre sale mismo forma pago diferente,,1
queja,falla en la prestacion del servicio por continuidad,intenta establecer comunicación chec realizan varios intentos numero obtiene respuesta requiere generar reporte comcel cad montebonito nie lote manga corregimiento marulanda caldas quedamos atentos pronta,,1
queja,falla en la prestacion del servicio por calidad,administradora conjunto bosques villa cafe requiero revisar voltajes caja eléctrica areas comu dicen puede ser tema distribución cargas internas calibres cables aptos prolemas descargas funcionan,,1
queja,falla en la prestacion del servicio por continuidad,intenta establecer comunicación chec opción obtiene respuesta requiere generar reporte comcel ris isla nie ubicada municipio belén umbría ubicación finca montesol vereda aguacate quedamos atentos pronta,,1
queja,falla en la prestacion del servicio por continuidad,intenta comunicar empresa energía chec números posible comunicación presenta falla eléctrica claro cad risaralda alimentadas electrificadora,,1
queja,falla en la prestacion del servicio por continuidad,trata comunicar linea atención chec numero posible informar falla suministro energía eléctrica antena cad hoyo frío claro localizada caldas,,1
queja,falla en la prestacion del servicio por continuidad,intenta comunicar empresa energía chec números posible comunicación presenta falla eléctrica claro cad san miguel alimentadas electrificadora,,1
queja,inconformidad con el canal de atencion,trata comunicar linea atención posible informa falla suministro energía antena claro ubicada vereda cambia finca ramada nunero nie,,1
queja,falla en la prestacion del servicio por continuidad,favor informar cortes servicio actualmente niños encuentran estudiando mediante tele estudio corte fluido eléctrico significa pueden asistir clase hoy suspendido ningún tipo explicación solicitamos restablecerlo inmedi,,1
queja,inconformidad con el canal de atencion,intenta comunicar empresa energía central hidroelectrica caldas números posible comunicación presenta falla eléctrica claro cad trébol alimentada electrificadora,,1
queja,falla en la prestacion del servicio por continuidad,intenta establecer comunicación chec obtiene respuesta requiere generar reporte comcel cad ind esmeralda nie ubicada planta quedamos atentos pronta,,1
queja,falla en la prestacion del servicio por calidad,usuario manifiesta conformidad voltaje entrada empresa natura anexa adjunto carta solicitud chec,,1
queja,falla en la prestacion del servicio por calidad,llevamos años soportando interrupción energía daños circuito demoran demasiado arreglarla además colocan general entra solo fase tratar pelar secar café equipos deterioran constante revisan llamadas sector alto perro podrán dar cuenta problema mismo mayor riesgo arreglo temporal hace daño cosecha manejar,,1
queja,entrega inoportuna o no entrega de la factura,segunda vez interpongo queja recibo energía dejando introducen bien puerta alguien lleva pregunto demás recibos gas acueducto llegan encuentro dentro casa,,1
queja,comportamiento funcionario (trabajador-contra),ciudadano condiciones estabilidad boral día hoy hicieron revisión nunca pedí menos autorizado falta respetó llegan vivienda quiera piden permiso decho petición mencionó ninguna,,1
queja,inconformidad con la informacion,agradezco informen tarjeta hace varios años ustedes encuentra bloqueada cuenta encuentro paz salvo adicional linea saben dar respuesta caso radicado,,1
queja,entrega inoportuna o no entrega de la factura,presentar inconformidad entrega recibo correo demoran tiempo llegan mes pasado muestra hoy hora cargan llega factura espera comodidad debiera llegar buen demorarse,,1
queja,falla en la prestacion del servicio por continuidad,preocupados hicieron base llama lado bosques acurela mas menos dos años energía días veces día quemado preocupante laborando casa malo aparatos eléctricos,,1
queja,falla en la prestacion del servicio por continuidad,proceso radicado quiero decireles acuerdo respuesta daño quieren solucionar energía cada día hora veces continua aunque clima bien paratos estan quemando perjudiacados trabajo,,1
queja,inconformidad con el canal de atencion,tratando pagar servicios energía contadores plataforma permite alguna alternativa,,1
queja,falla en la prestacion del servicio por continuidad,retiradas ocasiones llamado retiren cuerdas bajas llenas maleza vienen ven dicen reportaran llega nadie requiero entidad chec informe realizando periódicamente mantenimientos redes sector pesar llamadas quiero informen llegado prontitud dejándonos energía varios días petición anterior fundamentada siguientes razones prestado atención reiteradas perjudicado estudio nietos hijos estudian trabajan requieren eléctrica además daños vivienda empleados envían miran solo creo realicen debemos volver llamar,,1
queja,falla en la prestacion del servicio por calidad,maría isabel zapata aguirre celular punto atención bodega cedros continuamente apagando equipos bajones luz parece ser problema afuera podrían revisar sector pasa suma urgencia,,1
queja,falla en la prestacion del servicio por continuidad,seguidamente cortes luz hoy llevo mas dos horas solo casa facturas estan pagas agosto,,1
queja,inconformidad trabajos,radicado buenas tardes colocaron tapa contador deja abrir puerta casa obstaculiza entrada carro así accidente,,1
queja,entrega inoportuna o no entrega de la factura,buenas tardes solicitar favor llega residencia factura servicio mes pasado llegado necesito poderla pagar agradezco colaboración,,1
queja,falla en la prestacion del servicio por calidad,represento empresa tigo solicitamos conocer información causa raíz fallas prestadas agosto estación cad palestina crea caso supia reporte radicado,,1
queja,inconformidad con el canal de atencion,falla energía eléctrica antenas claro cad marquetalia intenta comunicar empresa chec números posible comunicación,,1
queja,falla en la prestacion del servicio por continuidad,falla energía eléctrica antenas claro cad marquetalia julio intenta comunicar empresa chec números posible comunicación,,1
queja,inconformidad con el canal de atencion,trata comunicar linea atención chec numero posible informar falla suministro energía eléctrica antena ris mangos claro localizada caldas,,1
queja,falla en la prestacion del servicio por continuidad,trata comunicar linea atención posible informa falla suministro energía antena claro ubicada finca jamaica vereda planes balboa municipio virginia risaralda nunero nie,,1
queja,inconformidad con el canal de atencion,falla energía eléctrica antenas claro ris nudo intenta comunicar empresa chec números posible comunicación julio dosquebradas risaralda colombia finca tango,,1
queja,falla en la prestacion del servicio por continuidad,falla energía electrica antenas claro ris nudo intenta comunicar empresa chec números posible comunicación finca tango julio,,1
queja,falla en la prestacion del servicio por continuidad,reportar falla energía antena claro,,1
queja,inconformidad con la informacion,acuerdo pqr numero respondido bajo radicado respuesta solicitud dejar constancia lectura terreno positiva dirijo ustedes nuevo notificar dejada solicitar nuevamente favor hacerlo,,1
queja,inconformidad con el canal de atencion,imposible pagar factura internet queda busqueda login cliente gracias,,1
queja,entrega inoportuna o no entrega de la factura,pido favor factura llegue directamente piso llegando abajo hace tiempo gente incomoda reclamó además incómodo cada mes bajando,,1
queja,falla en la prestacion del servicio por continuidad,radicado servicio energía interrumpido constantemente previo aviso veces puede tardar media hora presentar diferentes horas día alguna falla sector irrumpe labores cotidianas correo respuesta german logar gmail com,,1
queja,inconformidad con el canal de atencion,usuario inconforme atención línea manifiesta horas espera considera estrategia evitar reclamación usuarios misma abandonan servicio solicita agilidad respuesta informe demoras fallas,,1
queja,falla en la prestacion del servicio por calidad,radicado mercurio cada llueve energía servicio pésimo demora horas reconectar solo sector debe ser cuerda quieren cambiar posible adiós además quine paga daña nevera,,1
queja,falla en la prestacion del servicio por continuidad,celular usuario inconforme servicio prestado pésimo energía constantemente llueve truena fallas red perjudicada procesa frutas congelador daña producción van revisar acometidas respecto,,1
queja,falla en la prestacion del servicio por calidad,usuario informa luz hoy lleva varios días cambios carga estallido bombillos cortes periódicos relacionado arreglos finca vecina personal chec seguro causa instalaciones nuevas recomendaciones,,1
queja,demora en atender peticion,segunda vez cumple plazo solucionar problema templete habla documentos adjuntos ruego dar respuesta requerimiento mayor brevedad posible dilaciones adjunta petición marzo,,1
queja,comportamiento funcionario (trabajador-contra),observaciones presento queja solicitando empresa apostar recibe recudo facturas trato digno respetuoso pagando recibo publico servicio prestan dinero llevemos pagar debe ser recibido asi monedas,,1
queja,falla en la prestacion del servicio por continuidad,hace aproximadamente mes servicio energía fallas casi dos veces semana ahora llamar vuelto tragedia cantidad opciones vueltas hacer siempre responden mismo daño jacaranda,,1
queja,inconformidad en la atencion de condiciones de seg,unas líneas eléctricas externas aéreas flojas hicieron corto moverse viento momento separadas palos favor ayúdenos pues tememos seguridad electrodomésticos,,1
queja,falla en la prestacion del servicio por continuidad,dia agosto quedé energía horas mañana debido pude ingresar trabajar hizo reclamo mismo día llamó página dieron plazo enviarme correo llego,,1
queja,falla en la prestacion del servicio por calidad,nuevamente quedé energía denlas inconvenientes trabajo semana pasada paso igual requiero favor atención zona,,1
queja,falla en la prestacion del servicio por continuidad,servicio electricidad momento,,1
queja,falla en la prestacion del servicio por continuidad,buenas tardes presenta sector energia mas hora barrio pradera villamaria caldas persona trabaja modalidad teletrabajo estan exigiendo reporte conste existe falla pueden colaborar marco lineas funcionando,,1
queja,entrega inoportuna o no entrega de la factura,presentar inconformidad entrega recibo correo demoran tiempo llegan mes pasado muestra hoy hora cargan llega factura espera comodidad debiera llegar buen demorarse,,1
queja,falla en la prestacion del servicio por continuidad,quisiera obtener reporte fallo energia sector presentó septiembre,,1
queja,falla en la prestacion del servicio por calidad,validar red energía mes septiembre bastante intermitencia,,1
queja,inconformidad punto de venta y/o recaudo,hoy sep vence pago realizado varios intentos factura deja dice comunique soporte tecnico hora nadie contesta marco contestadora estan presentando fallas solicito vayan cobrar extra culpa mia,,1
queja,inconformidad con la informacion,manizales agosto señores chec asunto respuesta proceso acuerdo confirman visita día mayo constatan medidor mencionado corresponde vivienda clase servicio residencial adelante informan según clausula dice parte usuario suscriptor debe informar cualquier irregularidad anomalía cambio presente quisiera saber momento algún tipo aviso pues años nunca hecho ningún siempre energía uso aparecía facturas anteriores pedirles favor revisar solicitó comercial,,1
queja,falla en la prestacion del servicio por continuidad,reclamo continuas interrupciones servicio energía perjudica conectividad interrumpe trabajo estudio pone riesgo electrodomésticos además incomodidad genera ser pagamos puntualmente,,1
queja,falla en la prestacion del servicio por continuidad,quisiera saber cuál problema barrio muchas interrupciones energía sector pesar cobro tan exagerado haciendo necesario estudio saben virtual gracias respuesta correo rulomo hotmail com,,1
queja,falla en la prestacion del servicio por calidad,medio presente quiero interponer queja servicio energía suspendido tarde siendo reconectado siempre día solicito descontado tiempo factura,,1
queja,falla en la prestacion del servicio por continuidad,presentado cortes energía prolongados frecuentes junio septiembre aviso rápida solución solo mantenimiento día siguiente ningún etc perjudica trabajo casa estudio,,1
queja,inconformidad con el canal de atencion,solicitado repetidas ocasiones activen pago facturas dos meses portal web sido posible menos llamado veces dicen van activar revise dia siguiente despues horas pagar,,1
queja,falla en la prestacion del servicio por continuidad,cortes constantes energía casa afectan sector barrio laureles vez mes cortan luz pasado ocasiones paso deben venir revisar servicio tan malo prestan,,1
queja,afectacion ambiental,buenas tardes administradora unid inmb cerrada colinas viento ubicada calle via conduce unidad unas palmas estan tocando cables energia genera riesgo comunidad agradezco realicen visita lugar,,1
queja,falla en la prestacion del servicio por continuidad,represento empresa tigo solicitamos conocer información causa raíz fallas prestada agosto crea reporte falla circuito doradaor margaritas,,1
queja,falla en la prestacion del servicio por continuidad,buenas tardes requiere colaboración suministrando información falla reportada tiquete saber hora inicio causa lugar solución,,1
queja,falla en la prestacion del servicio por continuidad,usuario solicita reporte energía falla antena claro cad norcasia caldas gustavo rojasb ext com autoriza correo electrónico,,1
queja,falla en la prestacion del servicio por continuidad,servicio últimos días casi diario presenta interrupción gustaría saber debe solicitar haga revisión pues bastante molesto pagando puntualmente tan intermitente,,1
queja,inconformidad con la informacion,día hoy presenta empleado empresa diciendo cambiamos caja hermética contador días suspenderá servicio amparado bajo ley articulo menciona causal suspensión según notificado anexo pdf,,1
queja,falla en la prestacion del servicio por calidad,favor realizar revisión sector presentando bajones energía consulté vecinos,,1
queja,inconformidad con el canal de atencion,falla energía eléctrica antenas claro cad san jose intenta comunicar empresa chec números posible comunicación solicitud,,1
queja,falla en la prestacion del servicio por continuidad,falla energía eléctrica antenas claro cad san jose intenta comunicar empresa chec números posible comunicación solicitud,,1
queja,falla en la prestacion del servicio por continuidad,presenta ausencia energía predio relacionado contestan tel contacto,,1
queja,falla en la prestacion del servicio por continuidad,traslado ssdp intenta establecer comunicacion chec realizan varios intentos numeros obtiene respuesta requiere generar reporte comcel cad pradera nie ubicada inspección especial finca estrella victoria caldas,,1
queja,falla en la prestacion del servicio por continuidad,buen dia información sectorizada interrupciones energía,,1
queja,falla en la prestacion del servicio por calidad,reporta falla energía antena claro ris mistrato,,1
queja,falla en la prestacion del servicio por continuidad,reportar falla energia antena claro cad filadelfia parque,,1
queja,inconformidad con la informacion,día sábado agosto llamo línea telefónica contesta señora natalia betancur román solicito constancia recibo conste domingo energía motivos mantenimiento empalme cierto vivo padre años utiliza bala oxigeno concentrador oxígeno tener toco utilizar acabo empresa cargan dice debo presentar chec digan sector poder recarguen vez vaya sorpresa dicha empleado puede expedir ningún papel presentarme oficina den humanismo gente colaboración presentemos documento demora días parece mal hecho maneje actit,,1
queja,falla en la prestacion del servicio por continuidad,traslado ssdp trata comunicar linea atención chec numero posible informar falla suministro energía eléctrica antena cad palestina claro localizada caldas,,1
queja,falla en la prestacion del servicio por continuidad,traslado ssdp falla energía eléctrica antenas claro manizales intenta comunicación empresa servicios públicos chec números posible,,1
queja,inconformidad con el canal de atencion,intenta comunicar empresa energía chec números posible comunicación solicitud pag web agosto,,1
queja,falla en la prestacion del servicio por continuidad,presenta intermitencia servicio energia antena claro cad floresta,,1
queja,falla en la prestacion del servicio por calidad,falla prestación servicio continuidad reportar energía antena claro,,1
queja,falla en la prestacion del servicio por continuidad,día septiembre presenta corte servicio energía establecimiento comercio perjudica tener congelador pollo vitrinas mantener caliente producto terminado respuesta correo jpachones yahoo com,,1
queja,falla en la prestacion del servicio por continuidad,traslado ssdp trata comunicar linea atención chec numero posible informar falla suministro energía eléctrica antena cad ind esmeralda claro localizada caldas,,1
queja,falla en la prestacion del servicio por continuidad,sector macarena encuentra conjunto cerrado bambu presentan continuamente fluctuaciones servicio energia producido electrodomesticos dañen,,1
queja,inconformidad punto de venta y/o recaudo,llega factura pago pendiente aparece plataforma poder cancelar favor dan solucion tema gracias,,1
queja,falla en la prestacion del servicio por continuidad,solicito favor atención tema aclaración situación presenta sector específico normalmente sucede unas calles mas abajo servicio normalizado considerar debido coyuntural afecta momento nivel mundial demasiadas personas dependen confiable energía motivos teletrabajo clases virtuales,,1
queja,falla en la prestacion del servicio por calidad,solicito revisión suministro energía dentro conjunto residencial teka debido constantes fallas varías ocasiones presta servicio intermitente mente adicional reporte cuantas veces presentado zona mes agosto,,1
queja,falla en la prestacion del servicio por continuidad,barrio molinos dosquebradas presentan frecuencia interrupciones energía bajo suministro ayer falla llueve fuerte sector barrios notan fallas revisar,,1
queja,falla en la prestacion del servicio por calidad,usuario inconforme bajones energía momento llegando ser perjudicial equipos laboratorio clínico funciona sitio conocimiento funcionamiento talleres soldadura,,1
queja,falla en la prestacion del servicio por continuidad,solicitamos restablecimiento energía sector llevamos horas servicio linea indican saben siquiera asignado equipo revisión daño,,1
queja,falla en la prestacion del servicio por calidad,revisición cambio acometida contador transformador hace varios días presentan contantes bajones energía ejemplo est conectada nevera puede conectar computador hacer teletrabajo niñio recibir clases,,1
queja,inconformidad trabajos,peticionario presetna queja realización completa trabajos mantenimiento redes eléctricas circuito cipango marina municipio risaralda atención solicitud enviada mail,,1
queja,falla en la prestacion del servicio por calidad,manifiesta inconformidad debido hace meses venido presentando falla servicio adjunta documento,,1
queja,inconformidad punto de venta y/o recaudo,veo preocupacion ciudades departamento risaralda reciban pago energia posible ningun corresponsal bacario bancolombia aparece chec pagar recibo mando varias veces,,1
queja,comportamiento funcionario (trabajador-contra),solicito respondan danos perjuicios causados funcionario realiza lectura contadores imposibilidad leer registro rompio pared violento contador fachada nueva hizo hace mese foto prueba numero cuentas,,1
queja,falla en la prestacion del servicio por calidad,solicito visita revisión problemas fluido eléctrico pues presentando suspensiones altibajos irregularidades suministro energía llevado quemado electrodomésticos vivienda necesitamos concepto técnico poder realizar trabajos confiables,,1
queja,inconformidad con el canal de atencion,servicio factura web funcionando tratando registrarme continuar recibiendo vía email diligenciar cuestionario https checweb cadenaportalgestion com segusuario registrarusuario dar guardar gestiona datos,,1
queja,falla en la prestacion del servicio por continuidad,quiero expresar inconformidad respecto servicio últimamente yendo seguido energía veces semana factura solo ven aumentos explicación espero respuesta parte quedo atento muchas gracias,,1
queja,inconformidad con el canal de atencion,buenas noches dirijo usted fin solicitar revisen agina web pago cada pagar siempre sale bad request too long http error the size headers puedo llevo mas días intentando factura,,1
queja,falla en la prestacion del servicio por continuidad,fallas frecuentes fluido electrico vuelve pasado miercoles septiembre seis tatde regresa jueves hoy domingo falla hace reporte favor revision reparacion eficiente falta mantenimiento gracias,,1
queja,demora en atender peticion,cliente inconforme solicitado varias ocasiones reubicación poste aunque empresa dicho trabajo realizar aun hacen,,1
queja,falla en la prestacion del servicio por continuidad,observaciones trata comunicar línea atención posible informa falla suministro energía antena claro ubicada finca portugal vereda san eugenio celia risaralda colombia numero nie,,1
queja,falla en la prestacion del servicio por continuidad,reporta ausencia energia antena claro intenta comunicacion linea embargo posible servicios afectados tecnologias solicita revision condiciones electricas sitio,,1
queja,falla en la prestacion del servicio por continuidad,solicito técnico empresa venga revisar cableado luz alrededores sector energía parpadea constantemente dañando aparatos electrónicos llamado varias veces recibido respuesta,,1
queja,falla en la prestacion del servicio por calidad,fluctuación energía antena claro cad san bernardo viento,,1
queja,inconformidad punto de venta y/o recaudo,siempre pago internet querer hacerlo vez aparece aporte comparto energía solo,,1
queja,falla en la prestacion del servicio por continuidad,buenos días reportar daño reporto aquí linea contestan gracias,,1
queja,falla en la prestacion del servicio por continuidad,inconformidad servicio solicitud revisión desniveles cer documento adjunto,,1
queja,falla en la prestacion del servicio por continuidad,falla comercial claro man colombia,,1
queja,falla en la prestacion del servicio por calidad,fluctuación energía antena claro ris isla,,1
queja,falla en la prestacion del servicio por continuidad,falla energía antena claro,,1
queja,falla en la prestacion del servicio por continuidad,trata comunicar línea atención posible informa falla suministro energía antena claro ubicada finca brillante vereda laurel neira nunero nie,,1
queja,inconformidad con el canal de atencion,comunicó línea celular reclamo numero solicitando favor realizaran pruebas conexiones gravedad sucediendo operadora dijo número teléfonos subestaciones quedaba escrito sistema ver anexos,,1
queja,falla en la prestacion del servicio por continuidad,septiembre energía eléctrica,,1
queja,comportamiento funcionario (trabajador-contra),días pasados conductor vehículo placas número ouc ver podía pasar camión obstaculacion vía mostró comportamiento agresivo mover manera brusca agresiva motocicleta debida autorización reclamarle acelero,,1
queja,falla en la prestacion del servicio por continuidad,falla energía electrica antenas claro cad dorada ferias intenta comunicar empresa chec números posible comunicación comunicaci,,1
queja,falla en la prestacion del servicio por calidad,buenas tardes presente expresar inconformidad mala calidad servicio puesto presentan cortes energia continuamente varios propietarios dentro conjunto residencial venido reportando fallas favor revision solucion definit,,1
queja,falla en la prestacion del servicio por continuidad,buenas tardes escribo nuevamente dado recibido respuesta constantes requerimientos situación presenta domicilio constantemente cada vez aguacero suspende servicio energía baja voltaje reiterativa constante aun recibe satisfactoria tema habitantes conjunto encontramos demasiado molestos sucede entregó residencial solicitamos favor revise problema mes presentado menos cortes bajan horas,,1
queja,inconformidad trabajos,rad buenas tardes día mes curso vecina desafortunadamente enciende casa cable energía ustedes pusieron pasa techo alimenta quema siguiente llega señor funcionario empresa manifiesta cambiar quieren servicio nuevamente cancelar,,1
queja,entrega inoportuna o no entrega de la factura,quisiera atendieran solicitud bien sugerencia resulta empresa susuerte ubicada cra llega mayoría facturas energía puntos ciudad manizales enea villamaría últimamente exactos villamaria trae persona reparte correspondencia vencidas hoy ejempl,,1
queja,inconformidad por la programacion de interrupcione,rad empresa confecciones informan chec suspenderían servicio llamé varias veces energía llegó osea trabajadores esperando dos horas media sentados llegara luego vuelvo llamo dicen parecer van haber bajone,,1
queja,inconformidad con la informacion,señora cecilia jaramillo chec enfatica pagas contador bueno consumo real aqui absoluto abuso parte ver documento anexo,,1
queja,inconformidad con la informacion,respecto vivienda sola asi laboramos estudiamos entendemos dejar debajo puerta dicha factura porton dejan dispuestas allá tampoco permanece nadie allí siempre tiran todas,,1
queja,inconformidad con la informacion,adjunto presente permito remitir pantallazo aparece factura cheq utilizando cuenta aeronáutica civil nombre cauchos empaques motivo mencionada entregó pues viene momento vemos afectados encuentra asigna,,1
queja,inconformidad trabajos,arbitrariedad amenaza incluida toda vida contadores estan ubicados mismo lugar chec nunca inconvenientes lectura labor visto vienen hacer contador funcionarios hacen piso esporadicamente escalera suben escalones leen facilidad pueden usar algun vinocular,,1
queja,demora en atender peticion,reclamacion dia marzo presente empresa solicitud rebizaran mal procedimiento pues casa sola hicieron reparacion tecnica presenta riesgo inminente reconectaron redes electricas carga travesaño guadua respuesta adjunta reclamo programaron visita abril,,1
queja,falla en la prestacion del servicio por calidad,rad sector pavas condominio altos campestre area expansion urbana ciudad manizales segun pot constantemente interrumpe servicio energia interrupciones van minutos horas anterior trae consecuencia daño electrodomesticos perdida alimentos descomposicion encuentra alma,,1
queja,inconformidad con la informacion,hace mes pague recibo periodo llego elevado oficina chec dijeron aumento voltios promedio subió pedí hicieran favor revisar contador dicen hacen costo pesos pago,,1
queja,inconformidad con la informacion,edil comuna dosquebradas risaralda manifiesto denuncia escrita anexo,,1
queja,comportamiento funcionario (trabajador-contra),junio instalaciones chec intención buscar solucion dificultad presentando generar pago consumo exponer causa podido total deuda funcionaria claudia elena grajales escudero manera menos indicada responde ustedes nunca van poder cancelar,,1
queja,falla en la prestacion del servicio por continuidad,directora clinica versalles queja sspd pasado agosto constantes suspensiones servicio afectacion prestacion equipos laboran,,1
queja,falla en la prestacion del servicio por calidad,trata comunicar linea atención posible informa falla suministro energía eléctrica antena claro localizada caldas neira eira colombia finca porvenir cerca cruce tres puertas caserío kilómetro,,1
queja,inconformidad con el canal de atencion,solicitud trasladada sspd dorada caldas oficinas solicitar interventoria agosto instalar contadores dirección carrera dijeron tener días contestar septiembre pena tocaba hacer nueva factibilidad cuanto echa informando servicios necesitaban futuro dieron nuevo numero llamarían pase luego octubre sigo esperando peticiones solucionen necesario den mas vueltas oficina chec cogen pelota parece falta respeto certificados retie dictamen ingeniero eléctrico obra documentos solicitado entregado,,1
queja,falla en la prestacion del servicio por continuidad,septiembre intenta comunicar empresa energía chec números posible comunicación presenta falla eléctrica claro ris mangos alimentadas electrificadora,,1
queja,falla en la prestacion del servicio por continuidad,intenta comunicar empresa servicios públicos pensilvana chec números posible comunicación presenta falla energía eléctrica claro cad alimentadas electrificadora finca escobar agropecuaria betania lado campo entrenamiento ejército caldas solicitud trasladada sspd,,1
queja,falla en la prestacion del servicio por continuidad,intenta comunicar empresa energía chec números posible comunicación presenta falla electrica claro cad dorada ferias caldas colombia finca doradal alimentadas electrificadora,,1
queja,falla en la prestacion del servicio por continuidad,presenta falla energía antena claro solicitud trasladada sspd,,1
queja,falla en la prestacion del servicio por continuidad,solicitud trasladada sspd claro informa servicio antena ubicada fca bocachi filadelfia,,1
queja,falla en la prestacion del servicio por continuidad,intenta establece comunicación central hidroelectrica caldas numero reportar ausenceia energia anena claro cad manzanares sido posible solicitud enviada sspd,,1
queja,falla en la prestacion del servicio por continuidad,intenta comunicar empresa energía chec números posible comunicación presenta falla electrica claro man laureles alimentadas electrificadora,,1
queja,falla en la prestacion del servicio por continuidad,intenta comunicar empresa servicios publicos acandi chec números posible comunicación presenta falla energía electrica claro ris belen umbria alimentadas electrificadora,,1
queja,falla en la prestacion del servicio por continuidad,trata comunicar linea atención posible informa falla suministro energía antena claro ubicada finca sao pablo sector espinal vereda quintetos municipio aguadas caldas nunero nie reporta cad pipinta solicitud trasladada sspd,,1
queja,falla en la prestacion del servicio por continuidad,presenta falla energía antena claro solicitud traslada sspd,,1
queja,falla en la prestacion del servicio por continuidad,intenta establecer comunicación chec reportar ausencia energía antena ris san vicente posible falla noviembre solicitud trasladada sspd,,1
queja,falla en la prestacion del servicio por continuidad,trata comunicar linea atención posible informa falla suministro energía antena claro ubicada municipio samana ubicacion lote urbano sector venecia san diego nunero nie reporta ris mundo nuevo solicitud trasladada sspd,,1
queja,falla en la prestacion del servicio por continuidad,intenta establecer comunicación central hidroelectrica cald reportar ausencia energia antena claro per santa isabel sido posible solciitud trasladada sspd,,1
queja,falla en la prestacion del servicio por continuidad,trata comunicar linea atención posible informa falla suministro energía eléctrica antena ris tambores claro localizada risaralda,,1
queja,falla en la prestacion del servicio por continuidad,intenta comunicar empresa energía central hidroelectrica caldas números posible comunicación presenta falla electrica claro cad refugio alimentadas electrificadora solicitud trasladada sspd,,1
queja,falla en la prestacion del servicio por continuidad,intenta comunicar empresa energía chec números posible comunicación presenta falla eléctrica claro ris oriental alimentadas electrifica dora,,1
queja,falla en la prestacion del servicio por continuidad,intenta comunicar empresa servicios publicos manizales chec números posible comunicación presenta falla energía electrica claro man san antonio alimentadas electrificadora solicitud trasladada sspd,,1
queja,inconformidad con la informacion,rad inconformidad respuesta requerimiento,,1
queja,inconformidad con el canal de atencion,rad sirve web pagos chec intenté hoy pago través portal ingresando punto seleccionar factura pagar menú datos facturación inmediatamente después doy click pse abre nueva pestaña zonapagos com posterior ello introduzco nro cuenta aparece sale error leyenda,,1
queja,comportamiento funcionario (trabajador-contra),rad empleado guillermo andrés palacio contratista chec ingeomega queja mala atención día hoy acerca predio ciudad manizales solicitando pago factura informo medio telefónico acercaron dije realizando acuerdo parque caldas,,1
queja,falla en la prestacion del servicio por continuidad,solicitud trasladada sspd intenta comunicar empresa energía central hidroelectrica caldas números posible comunicación presenta falla electrica claro cad manzanares alimentadas electrificadora,,1
queja,falla en la prestacion del servicio por continuidad,solicitud trasladada sspd intenta comunicar empresa servicios publicos central hidroelectrica caldas números posible comunicación presenta falla energía electrica claroman palogrande alimentadas electrificadora,,1
queja,demora en atender peticion,queremos dejar precedente inconformidad respecto servicio pagado calibración programación cuadrantes medidor bidireccional tardaron mes medio operaciones realizar pruebas dieron cuenta mal configurado proceso dar inicio autogeneración muchísimas complicaciones cabe aclarar primera vez sucede ustedes igual manera naturaleza resolución busca simplificado ocurrido esperamos pueda ser solucionado cuanto,,1
queja,falla en la prestacion del servicio por continuidad,solicita generar reporte ausencia energía cuenta nie antena claro,,1
queja,falla en la prestacion del servicio por continuidad,intenta establecer comunicación diciembre chec obtiene respuesta requiere generar reporte ebcomcel ris isla nie ubicada municipio belen umbria ubicacion finca montesol vereda aguacate quedamos atentos pronta,,1
queja,falla en la prestacion del servicio por continuidad,intenta establecer comunicación chec obtiene respuesta requiere generar reporte comcel cad risaralda nie ubicada lote san pascual quedamos atentos pronta,,1
queja,inconformidad con la informacion,usuaria inconforme sura dado atención integral requerimiento devolución dinero argumenta tomo seguro inquilino autorización propietaria reclamado chec remito resuelto tema defensoria pueblo solicito toma tipo copia poliza documentos pueden ser entregado sido devuelto presentar todas facturas pago,,1
queja,falla en la prestacion del servicio por continuidad,presenta falla cad arauca intenta comunicación electrificadora chec veces solicitar reporte respuesta procede realizar pqr solicitud traslada sspd,,1
queja,falla en la prestacion del servicio por continuidad,solicitud trasladada sspd presenta ausencia energía realizar reporte,,1
queja,falla en la prestacion del servicio por continuidad,solicitud trasladada sspd presenta ausencia energía realizar reporte,,1
queja,falla en la prestacion del servicio por continuidad,trata comunicar linea atención posible informar falla suministro energía eléctrica antena cad ind chec esmeralda claro localizada caldas dirección predio municipio chinchina ubicacion planta san francisco zona rural sector trasladada sspd,,1
queja,comportamiento funcionario (trabajador-contra),acabo conversar señor juan bermudez aterrada trato parte correo enviaron hacer reclamación pesos enviado facturación chec lastimosamente nadie firma verdad entenderme creo entendimiento quién puedo veo claridad comentan personas conversado oficinas chinchiná mismo funcionario hizo averiguación debía enviar escribí usted equivocación favor informa pues nunca ninguna factura excedentes agradezco informe pasa,,1
queja,falla en la prestacion del servicio por calidad,traslado competencia super falla servicio antena comcel balboa dirección hacienda jamaica vda planes debe enviar copia,,1
queja,falla en la prestacion del servicio por continuidad,residente barrio ceiba chinchiná caldas razón correo comunicarles vuelto repetitivo mismo daño cada días promedio suspensión servicio causa parecer caída fase transformador cercano sabemos estallido vez sucede evento aparte frecuencia preocupa última demoraron horas restablecernos además incomodidad causó peligro perdida comida refrigerada medicamentos refrigerados argumento solicito respetuosamente favor consideren solución definitiva problema,,1
queja,inconformidad trabajos,dos últimas lecturas contador servicio luz predio señor realiza manifiesta imposible hacer lectura difícil acceso preguntar dicen display malo permite visualizar números problema nuevo presento inconvenientes puso menos años octubre toco cambiarlo hace pocos días termine pagarlo medio carta solicito favor analizar cobro pues posibilidad asumir costos contando debe ser garantía cambiado pagado,,1
queja,inconformidad con la informacion,dos últimas lecturas contador servicio luz predio señor realiza manifiesta imposible hacer lectura difícil acceso preguntar dicen display malo permite visualizar números problema nuevo presento inconvenientes puso menos años octubre toco cambiarlo hace pocos días termine pagarlo sábado abril recibí visita funcionarios chec dificultad realizar propiedad existen perros situación informe cierta ultimo vino podido leia dijo dañó autorizo ingreso indican debo pagar módicas cuotas quedarme decir cuot,,1
queja,inconformidad con la informacion,estimados señores carta adjunta octubre chec confirmado contador particular sino propiedad embargo cada vez llamo número informar falla servicio colaboradores call center dicen costos caso daño dado pasado tiempo prudente solicito haga cambio base datos referencian agradecida buenos servicios prestados aún tiempos difíciles aislamiento aprecio trabajan sostener energía zonas urbanas rurales reciban monika frohlich finca silencio norcasia caldas,,1
queja,inconformidad con el canal de atencion,usuaria comunica través línea telefónica chat reportando daño equipo eléctrico obtiene respuesta alguna,,1
queja,inconformidad con el canal de atencion,buzon chec estefania ceballos valencia buenos días parece falta seriedad grande jueguen tiempo día sabado llame horas tarde celular muchacha dio instrucciones procedimiento comunicara hoy lunes min mañana ser primeras atender efectivamente primera hora mandé correo fotos contrato vivienda cédula resivo hacer financiación pasaron llamada acabó saldo nunca atendieron vea deverdd nesesito den número pueda comunicar area contestan dan respuesta dicen pasarlo área pasen minutos,,1
queja,falla en la prestacion del servicio por continuidad,necesito saber motivo tantos bajones energía aparatos electrónicos sensibles bajonazos aledaño casa taller metales utilizan soldadores alta potencia pregunta solicito revisión red parecer toda manzana muchas gracias,,1
queja,inconformidad con el canal de atencion,traslado competencia super falla servicio antena comcel intenta comunicar empresa servicios publicos central hidroelectrica cald números posible comunicación presenta energía electrica man fatima alimentadas electrificadora manizales caldas cra,,1
queja,entrega inoportuna o no entrega de la factura,buenos días dirijo ustedes debido recibió facturacion habitualmente envía dirección calle apartamentos san jorge cuidad manizales desconocemos proceso seguir tenerla agradezco atención quedo atento respuesta,,1
queja,inconformidad con la informacion,señora diana velásquez servicio cliente chec usted envió respuesta falsa luego solicitud tener disponibles portal pagos opciones pago nuevo aporte según email remitidos ocasiones dice sido error disponible pagar real totalmente falso pues disponíamos factura momento ilustramos imagen abajo adjunta ajuste salen valores altísimos personas alto riesgo cuarentena opción imprimir salir pagarla medios presenciales repetido varias veces hace mes grave mentira volviendo poner misma queja superservicios entendemos,,1
queja,entrega inoportuna o no entrega de la factura,solicitamos amablemente soporte explicación emisión factura contrato nombre movitram dueños bodega ubicado cra romelia recibido,,1
queja,entrega inoportuna o no entrega de la factura,informó hace dos meses llegado factura parroquia podrían orientar debo hacer llegue recibo energía buzón parroquial ubicado fachada templo despacho,,1
queja,inconformidad con el canal de atencion,asunto traslado atención primera instancia radicado sspd reclamación hecha nombre claro dirección finca guadalupe vereda palma real municipio dorada intenta establecer comunicacion chec obtiene respuesta requiere generar reporte comcel cad nie ubicada ubicacion quedamos atentos pronta,,1
queja,inconformidad trabajos,solicito ustedes revise caso hace meses servicio informa debe pagar trenza cable acuerdo consiente usuaria debo contador acometidad poste consientes daños perjucios falla,,1
queja,entrega inoportuna o no entrega de la factura,atención asunto permito solicitarle amablemente hacer llegar dependencia administración municipal facturas cobro predios nombre municipio cuanto expedidas toda vez requiere proceso generar orden cancelación llegando días pago vencidas solicitamos amable enviarnos dosquebradas encuentren dos vigencias mora,,1
queja,falla en la prestacion del servicio por continuidad,apagones momentos cortos presentan mucha frecuencia,,1
queja,inconformidad trabajos,según comunicación telefónica cliente trabajos cambio redes condominio llevaron cable casi mts predio correspondían acometida parecer mismo causaron daño contador solicita den información personal realizaron etc pues varias perdida económicas debido problemas,,1
queja,inconformidad con la informacion,buzon notificaciones judiciales superintendencia servicios publicos domiciliarios radicado traslado competencia usuario luz marina tibaquira inscribí factura virtual chec dejaron enviármela física ingreso revisar pagina encuentro tres facturas parece desproporcionado,,1
queja,falla en la prestacion del servicio por continuidad,falla energía hace días fallas agravaron luces empezaban titilar solas electrodomésticos respondiendo igual manera podemos usar ningún electrodoméstico daña funciona microondas radio daño batería computador portátil contando hoy miércoles luz ratos cortos día funcionan cosas dos enchufes resto neveras prenden apagan constantemente alimentos dañando además resaltar única vivienda sector ver adjunto,,1
queja,inconformidad con el canal de atencion,solicitud traslado competencias superintendencia servicios públicos domiciliarios bajo radicado presenta ausencia energía predio contestan electrificadora gestionar novedad,,1
queja,falla en la prestacion del servicio por continuidad,solicitud traslado competencias radicado sspd julio presenta ausencia energía predio contestan electrificadora gerstionar novedad,,1
queja,inconformidad con el canal de atencion,solicitud trasladada sspd intenta establecer comunicacion chec obtiene respuesta requiere generar reporte comcel cad manzanares nie ubicada municipio ubicacion finca sauces vereda tabalzo quedamos atentos pronta respues,,1
queja,inconformidad con el canal de atencion,peticion trasladada sspd trata comunicar linea atención chec numero posible informar falla suministro energía eléctrica antena cad pradera claro localizada caldas,,1
queja,inconformidad con el canal de atencion,intenta establecer comunicacion chec obtiene respuesta requiere generar reporte comcel ris tambores nie ubicada municipio balboa ubicacion finca san gabriel corregimiento quedamos atentos pronta,,1
queja,inconformidad con el canal de atencion,trata comunicar linea atención posible informa falla suministro energía antena claro ubicada lote silencio finca santa ines anserma caldas nunero nie,,1
queja,inconformidad con el canal de atencion,trata comunicar linea atención posible informa falla suministro energía antena claro ubicada municipio palestina vereda lobos finca quinta nunero nie,,1
queja,inconformidad con el canal de atencion,trata comunicar linea atención posible informa falla suministro energía antena claro ubicada finca providencia vereda buenavista corregimiento trebol nunero nie,,1
queja,inconformidad con el canal de atencion,trata comunicar linea atención posible informa falla suministro energía antena claro ubicada belen umbria risaralda colombia calle carrera nunero nie,,1
queja,falla en la prestacion del servicio por continuidad,buenos días yendo luz teletrabajo necesito favor número pqr dirección cra,,1
queja,falla en la prestacion del servicio por continuidad,sspd tralsda queja calro ausencia servicio julio lograrse comunicar presa reportarlo,,1
queja,falla en la prestacion del servicio por continuidad,reporte luz departamental mza casa realizó telerabajo,,1
queja,inconformidad con el canal de atencion,solicitud traslado competencias sspd radicado intenta comunicar empresa servicios publicos chec números posible comunicación presenta falla energía electrica cad marquetalia alimentadas electrificadora,,1
queja,falla en la prestacion del servicio por continuidad,solicitud traslado competencias sspd radicado intenta comunicar empresa servicios publicos chec números posible comunicación presenta falla energía eléctrica cad marquetalia alimentadas electrificadora,,1
queja,inconformidad con el canal de atencion,solicitud traslado competencias sspd intenta establecer comunicación chec realizan varios intentos numero obtiene respuesta requiere generar reporte comcel man bajo palermo nie ubicada carrera edificio palmacera manizales caldas quedamos atentos pronta,,1
queja,falla en la prestacion del servicio por continuidad,trata comunicar linea atención chec numero posible informar falla suministro energía eléctrica antena cad rochela,,1
queja,inconformidad con el canal de atencion,solicitud traslado competencias sspd radicado intenta establecer comunicación chec realizan varios intentos números obtiene respuesta requiere generar reporte comcel ris carmelo bajo nie ubicada municipio guatica anserma ubicación vereda bendecida baja finca torcha adjunta doc petición,,1
queja,inconformidad con el canal de atencion,solicitud traslado competencias sspd radicado intenta establecer comunicación chec obtiene respuesta requiere generar reporte comcel cad peaje pavas nie ubicada municipio manizales ubicacion finca guayabos vereda rosario,,1
queja,falla en la prestacion del servicio por continuidad,solicitud traslado competencias sspd radicado falla energía electrica antenas claro quinchia intenta comunicación empresa servicios publicos chec números posible,,1
queja,inconformidad con el canal de atencion,solicitud traslado competencias sspd radicado intenta comunicar empresa servicios publicos quinchia chec números posible comunicación presenta falla energía electrica claro ris moreta alimentadas electrificadora,,1
queja,entrega inoportuna o no entrega de la factura,bnas noches dirijo ustedes predio ubicado calle apto recibido factura alguna barrio arboleda gracias numero telefónico,,1
queja,falla en la prestacion del servicio por continuidad,solicitud traslado competencias sspd radicado trata comunicar linea atención posible informa falla suministro energía antena claro ubicada chec numero nie doc adjunto,,1
queja,inconformidad con el canal de atencion,solicitud traslado sspd radicado trata comunicar linea atención posible informa falla suministro energía antena claro ubicada chec numero nie,,1
queja,inconformidad con el canal de atencion,solicitud traslado competencia empresa energía pereira esp oficio recibido solicitudes tratado realizar línea telefónica sido infructuosas toda vez misma buena operatividad normalmente contestan dejan esperando conmutador tiempo espera supremamente prolongado queja julio ver adjuntos,,1
